1.000000000000000000e+00 -1.548318994839396945e+00 -2.762987442491502854e+00
1.000000000000000000e+00 -3.958869672878324142e+00 -6.127804990012133413e-01
1.000000000000000000e+00 -2.276374644952018578e+00 6.149335895520420259e-01
1.000000000000000000e+00 5.562872920924566422e-01 -3.931406398930631596e+00
1.000000000000000000e+00 -1.491000307066809416e+00 -2.159296662213216589e+00
1.000000000000000000e+00 5.886968414775415326e-01 1.076664247404023556e+00
1.000000000000000000e+00 -2.492577643531239673e+00 -1.026339359225556525e+00
1.000000000000000000e+00 -9.313968912741084072e-01 -3.666660838929825417e+00
1.000000000000000000e+00 -7.617162620368296277e-01 -4.177700017095456353e+00
1.000000000000000000e+00 -1.026876325411017365e+00 -2.137184065426962487e-01
1.000000000000000000e+00 -2.169114301222875962e+00 -1.583246856767704269e+00
1.000000000000000000e+00 -3.777054530885656902e+00 -4.234206737473565241e+00
1.000000000000000000e+00 -1.247218736685148377e+00 -6.326117254347809471e-01
1.000000000000000000e+00 -1.566522911008580987e+00 -2.600540774344082706e+00
1.000000000000000000e+00 7.550310153630492849e-01 -2.135507672989447325e+00
1.000000000000000000e+00 -8.251736920802550390e-01 7.776299974335527665e-01
1.000000000000000000e+00 -1.280526748393390424e+00 -2.444087801906767332e+00
1.000000000000000000e+00 -2.939518870303983622e+00 -2.235443270826917406e+00
1.000000000000000000e+00 -1.009153548126983990e+00 -2.435176722919683012e+00
1.000000000000000000e+00 -2.994486815799239920e-01 -3.903465161274268347e+00
1.000000000000000000e+00 -3.175844009179416449e+00 -1.856109839870757616e+00
1.000000000000000000e+00 1.393306100291817007e+00 -4.222573973010498527e+00
1.000000000000000000e+00 -5.257618943532427203e-01 -3.299490303074218200e+00
1.000000000000000000e+00 -5.066188363792302418e+00 -1.376194164790123242e+00
1.000000000000000000e+00 -1.009548546262391211e+00 -4.460458363793857295e+00
1.000000000000000000e+00 -2.762249874859762144e+00 -4.010181292406529430e+00
1.000000000000000000e+00 2.993377407286867964e-02 -1.162579394881061878e+00
1.000000000000000000e+00 -4.103259719744096756e+00 -1.177354197701683258e+00
1.000000000000000000e+00 -3.917092645556327746e+00 -1.416105079076891649e+00
1.000000000000000000e+00 -8.058199746576302225e-01 -2.419408004782038546e+00
1.000000000000000000e+00 3.802994942550368407e-01 -2.671371981686565089e+00
1.000000000000000000e+00 -1.476769904796749744e+00 8.393779361160125241e-01
1.000000000000000000e+00 1.133750829052260212e+00 -1.195695266834006176e+00
1.000000000000000000e+00 9.060390870610479652e-02 1.668934765824638067e+00
1.000000000000000000e+00 -2.337203433190754964e+00 -1.492515317280328713e+00
1.000000000000000000e+00 -1.293111818795523060e+00 4.519458574520820449e-01
1.000000000000000000e+00 3.696919781386531767e-01 -3.578080802300982466e+00
1.000000000000000000e+00 -3.047821233144334396e-01 -1.918037838541555296e+00
1.000000000000000000e+00 -2.895418329100331700e+00 -3.102882260278685855e+00
1.000000000000000000e+00 -2.734635007909780757e+00 -7.999384466545851335e-01
1.000000000000000000e+00 -2.460366574061185307e+00 -2.975317945048571389e+00
1.000000000000000000e+00 -5.558765074291402541e+00 -1.686874846874569123e+00
1.000000000000000000e+00 -3.884386498684268663e+00 -2.697788284133745051e+00
1.000000000000000000e+00 -3.258641231224073564e+00 1.379333145766580504e+00
1.000000000000000000e+00 -4.716487855442794697e+00 -3.790357386181382182e+00
1.000000000000000000e+00 -1.229129253886549478e+00 -1.915773574854920946e+00
1.000000000000000000e+00 -2.745645701306919761e+00 -4.268174901477713945e+00
1.000000000000000000e+00 -2.402078716447158424e+00 -5.557337154111825495e-01
1.000000000000000000e+00 3.398719957782029510e+00 -2.936311936603795747e+00
1.000000000000000000e+00 -2.983918615670940078e+00 -2.473145685270684346e+00
1.000000000000000000e+00 -1.772587959532551771e+00 -6.789910784383452302e+00
1.000000000000000000e+00 4.527333480007116329e-01 -9.811049579240715968e-01
1.000000000000000000e+00 -1.398773004986286317e+00 -1.097360154715361302e+00
1.000000000000000000e+00 -4.013372551554779122e-01 -4.112650644533957234e+00
1.000000000000000000e+00 -6.314672480319740711e-01 -3.523112336197783634e+00
1.000000000000000000e+00 6.357628007691236149e-01 -1.169657410710971845e+00
1.000000000000000000e+00 -1.749269022064743995e+00 4.081695795185420472e-01
1.000000000000000000e+00 -2.918972760722784443e+00 -6.434537399247071132e-01
1.000000000000000000e+00 3.949116881859913164e-01 -3.464623493581105329e+00
1.000000000000000000e+00 -6.801414398916794113e-01 9.495153576090546999e-01
1.000000000000000000e+00 -2.410105890025224795e+00 -6.691515020507354805e-02
1.000000000000000000e+00 -6.514286266124713620e-01 -5.796794762894670328e+00
1.000000000000000000e+00 -9.901309357711431947e-01 -2.327221916214863295e+00
1.000000000000000000e+00 -1.363793299805138748e+00 -2.902729379325189374e+00
1.000000000000000000e+00 -7.252496433038597701e-01 -7.926298183569069344e-02
1.000000000000000000e+00 -3.342998890724553362e+00 -1.474231572955102099e+00
1.000000000000000000e+00 -2.570443830108113836e+00 -2.015159720877010230e+00
1.000000000000000000e+00 -2.810322950609279502e+00 -1.354208566193946472e+00
1.000000000000000000e+00 -2.127610337833170995e+00 -1.155615410802086407e+00
1.000000000000000000e+00 -2.417043159491560012e+00 6.239829192002011027e-02
1.000000000000000000e+00 -2.270137908043390329e-01 -1.665457031148973588e-01
1.000000000000000000e+00 -1.579944827720743072e+00 -2.475671429700547321e+00
1.000000000000000000e+00 -2.896030071547303297e+00 2.162779418838445267e-01
1.000000000000000000e+00 -8.911163064412337409e-01 -1.248278790083677814e+00
1.000000000000000000e+00 -3.913101578065743880e+00 -5.586357000988044774e+00
1.000000000000000000e+00 -9.509583025901613418e-01 -8.033377300240760466e-01
1.000000000000000000e+00 -1.395930668119131912e+00 5.662080188578624274e-01
1.000000000000000000e+00 -2.394601665047807693e+00 -3.749250462234726466e+00
1.000000000000000000e+00 -7.464849581639079190e-01 -2.472975454409641838e+00
1.000000000000000000e+00 -2.582610184531824782e+00 -3.050091105687790183e+00
1.000000000000000000e+00 -4.441922993755643034e+00 -2.797005455103582783e+00
1.000000000000000000e+00 -2.963262172929598925e+00 -2.965733241195331882e-01
1.000000000000000000e+00 -8.970449871924008889e-01 -1.524008205987774867e+00
1.000000000000000000e+00 -1.923155766455663329e+00 -2.520601452773516549e+00
1.000000000000000000e+00 -3.860806949797969345e+00 -2.640458548280978146e+00
1.000000000000000000e+00 -1.169078498326021620e+00 1.193760833197650140e+00
1.000000000000000000e+00 -2.053873152640069311e+00 -6.012654994671992270e+00
1.000000000000000000e+00 -3.731653022065755998e+00 -1.815854566201381193e+00
1.000000000000000000e+00 -1.335988277313089556e+00 1.771855414371543702e-01
1.000000000000000000e+00 8.543822039672805957e-01 -3.717055349847441903e+00
1.000000000000000000e+00 -2.858136460894208142e+00 -5.732346268582411142e-02
1.000000000000000000e+00 -2.890680931492623174e+00 -4.654282616673058648e+00
1.000000000000000000e+00 -1.888163230098107936e+00 -7.606119231941950165e-01
1.000000000000000000e+00 -1.662691209919299418e+00 -3.813643571136958066e+00
1.000000000000000000e+00 -2.948805376911636245e+00 -1.599168757074276304e+00
1.000000000000000000e+00 -1.606985685617319248e+00 -4.409159177678343866e+00
1.000000000000000000e+00 -2.476036699513783468e+00 -1.812062206179375412e+00
1.000000000000000000e+00 -1.308210028783200585e+00 -2.164043913375910400e-01
1.000000000000000000e+00 -1.118444703549065888e+00 -1.105483813497312173e-01
1.000000000000000000e+00 -1.072656680850637922e+00 -1.405940593346206580e-01
1.000000000000000000e+00 -1.823299628115562232e+00 -3.938657527044385098e+00
1.000000000000000000e+00 -2.417069824463484728e+00 -3.099234682188161116e-01
1.000000000000000000e+00 -1.017078635222410377e-01 1.716799083127767744e+00
1.000000000000000000e+00 -1.241532874673628717e+00 -4.772808980976016358e+00
1.000000000000000000e+00 2.349137469227375874e-01 -3.276918137236661366e+00
1.000000000000000000e+00 8.237582238756848696e-01 -1.277896030625143897e+00
1.000000000000000000e+00 -5.857289157731175422e+00 -1.783834146893039208e+00
1.000000000000000000e+00 -3.073044754176965654e-01 -3.294672566709252237e+00
1.000000000000000000e+00 3.362576681924509536e-01 -3.199272847931972308e+00
1.000000000000000000e+00 -7.583682511876101984e-01 -1.127192740787150260e+00
1.000000000000000000e+00 -4.742305879756668396e+00 -2.230468477264628380e+00
1.000000000000000000e+00 -1.052198909922325454e+00 -5.110263753316754531e+00
1.000000000000000000e+00 -1.680774202517838267e+00 4.580421085296868533e-01
1.000000000000000000e+00 -2.057771835967689977e+00 3.170433423628959524e+00
1.000000000000000000e+00 5.960177635128234286e-01 -3.457469136229557538e+00
1.000000000000000000e+00 -1.152242620921252625e+00 -1.876760031672761952e+00
1.000000000000000000e+00 -3.453288984095616243e+00 -6.357104365391370582e-01
1.000000000000000000e+00 -6.556586109318711664e-01 -1.571400849262583499e+00
1.000000000000000000e+00 5.714300473783442413e-01 -1.170826440511353983e+00
1.000000000000000000e+00 -2.209604061154763155e+00 -1.296287588949119662e+00
1.000000000000000000e+00 -6.696926215825136364e-01 -4.762277881295522430e-01
1.000000000000000000e+00 -1.278799982833919380e+00 -2.144370210318105929e+00
1.000000000000000000e+00 -3.173191371309528552e+00 -2.175372438927554608e+00
1.000000000000000000e+00 -3.413023530139957629e+00 -2.053455486232899752e+00
1.000000000000000000e+00 -3.068635610896834010e+00 -1.311431055990375460e+00
1.000000000000000000e+00 -1.074702281832306205e+00 -4.088891894884490341e+00
1.000000000000000000e+00 -2.341680146405042962e+00 -3.705227273130772048e+00
1.000000000000000000e+00 -9.799548791686656379e-01 -2.846042075106966607e+00
1.000000000000000000e+00 -2.297996698271044913e+00 9.488035111537680422e-01
1.000000000000000000e+00 -2.696496302633580200e+00 -2.405447468640042441e+00
1.000000000000000000e+00 -3.030612545918638823e+00 -6.640180882024568909e+00
1.000000000000000000e+00 -1.439975716515079718e+00 -2.497600060834384905e+00
1.000000000000000000e+00 -4.617039423660253661e+00 -3.294040476150475349e+00
1.000000000000000000e+00 -2.788946754199420397e+00 -6.718635995388105187e+00
1.000000000000000000e+00 -3.227785680327140749e+00 1.587385673283403520e-01
1.000000000000000000e+00 -2.527487756097897442e+00 -1.296737259380887242e+00
1.000000000000000000e+00 -2.153327678306583337e+00 -4.937726209124043919e+00
1.000000000000000000e+00 -2.745602929836123529e+00 -1.767563812424446601e+00
1.000000000000000000e+00 -1.599249520188017248e+00 -1.122282801415669162e+00
1.000000000000000000e+00 -5.925601916748443720e+00 -3.610792378794424273e+00
1.000000000000000000e+00 -1.479776770336480585e+00 1.406150166549197333e+00
1.000000000000000000e+00 -7.037366872642452087e-01 -3.373145079788715250e-01
1.000000000000000000e+00 -2.153179535717237414e+00 3.595218231993206892e+00
1.000000000000000000e+00 -2.815394325039759948e+00 -2.987832467022850658e+00
1.000000000000000000e+00 -3.251255579481186153e+00 -3.469197364569096109e+00
1.000000000000000000e+00 -2.600482514630424014e+00 1.131209263287167754e+00
1.000000000000000000e+00 -1.711097848757845652e+00 -3.290558828106743938e+00
1.000000000000000000e+00 -1.711601043037911385e-01 -1.457671536455436012e-01
1.000000000000000000e+00 -5.545048677598267695e-01 -4.338856382214114404e+00
1.000000000000000000e+00 -6.345026406022560295e-01 -1.677515526584491434e+00
1.000000000000000000e+00 -1.817272675425755102e+00 -1.128447311496744376e+00
1.000000000000000000e+00 -2.363194969335012718e+00 -4.717042616984619130e-01
1.000000000000000000e+00 -5.886009830464562498e-01 -1.048698822511444639e+00
1.000000000000000000e+00 -4.993948021163452378e-01 -3.133398199073291757e+00
1.000000000000000000e+00 -1.910739302623467140e+00 -3.373872342339879538e+00
1.000000000000000000e+00 -3.908743306491629710e+00 -2.486943290730709855e+00
1.000000000000000000e+00 -5.499072443331143312e-02 -3.800392565450566806e+00
1.000000000000000000e+00 -6.032374711238772669e+00 -1.397051548313069880e+00
1.000000000000000000e+00 5.970237109906357809e-01 -2.096023864139365589e+00
1.000000000000000000e+00 -3.425864408892060897e-01 -5.410739748686436812e+00
1.000000000000000000e+00 -1.349838595659841989e+00 1.735183013727166212e-01
1.000000000000000000e+00 -1.151075973079334736e+00 -4.672376079562729601e+00
1.000000000000000000e+00 -1.753082038117945718e-01 -3.452928471734726834e+00
1.000000000000000000e+00 -2.854217619011871765e+00 -3.361091003765001695e+00
1.000000000000000000e+00 -3.167559646018152986e+00 -8.616544812140836118e-01
1.000000000000000000e+00 2.280393646178127121e-01 1.481326229663174843e+00
1.000000000000000000e+00 -3.022795746124743665e+00 -8.690145040544454691e-01
1.000000000000000000e+00 -9.623279994441282792e-01 1.456457597093415490e+00
1.000000000000000000e+00 5.501282848106727741e-01 -2.097963339534906879e+00
1.000000000000000000e+00 -3.173804181836530347e+00 -3.486942123253848003e+00
1.000000000000000000e+00 -3.269725140552150577e+00 -9.659858083605836754e-01
1.000000000000000000e+00 -9.314046148811216952e-01 1.227877313505300272e+00
1.000000000000000000e+00 1.479801184926183844e+00 -4.611230703020037680e+00
1.000000000000000000e+00 -2.263404043337269300e+00 -6.678268552412554016e-01
1.000000000000000000e+00 -3.920742905693172631e+00 -3.502526473901397264e+00
1.000000000000000000e+00 -3.778981696837981019e+00 -3.424637884204994265e+00
1.000000000000000000e+00 -2.649563202894184677e+00 -4.427601173733610729e-01
1.000000000000000000e+00 -6.937984744758209921e-01 -2.246644961177840294e+00
1.000000000000000000e+00 -7.116762316738132199e-01 1.670301896923282126e+00
1.000000000000000000e+00 1.459042078936994002e-01 -4.327304770974767401e+00
1.000000000000000000e+00 3.837759651716923237e-01 -4.659651304606590827e+00
1.000000000000000000e+00 -1.590942262141187724e+00 -1.053633081358272827e+00
1.000000000000000000e+00 -4.772804384379762510e+00 -2.411643355225748131e+00
1.000000000000000000e+00 3.163193345786096344e+00 1.571457919775710810e+00
1.000000000000000000e+00 -3.223338493903238344e-01 -5.808487079338600978e+00
1.000000000000000000e+00 7.646267004310387527e-01 -3.110227066557074149e-01
1.000000000000000000e+00 -2.896642982544842315e+00 4.842596514275960828e-01
1.000000000000000000e+00 -1.425769078667657119e+00 -3.058631556545284624e+00
1.000000000000000000e+00 -2.086213984671225763e+00 -4.120139448649391412e+00
1.000000000000000000e+00 -2.763246248411317385e+00 -2.153792237617687455e+00
1.000000000000000000e+00 -1.348747805308343706e+00 -5.210771505261893033e+00
1.000000000000000000e+00 -1.241552645505783481e+00 2.251580598026934332e-01
1.000000000000000000e+00 -1.904012881756232067e+00 -9.056541013533496720e-01
1.000000000000000000e+00 -2.350775787610028367e+00 9.857646318177843980e-01
1.000000000000000000e+00 -2.128320922956418837e+00 -3.923170510700168201e+00
1.000000000000000000e+00 -4.110066274862004043e+00 -3.348761315369670921e+00
1.000000000000000000e+00 -1.306656794285017575e+00 -2.159034076647699862e+00
1.000000000000000000e+00 -1.395840970897679778e+00 -6.582910206012872578e+00
1.000000000000000000e+00 -4.332388103614904118e+00 -2.530905536147695756e+00
1.000000000000000000e+00 -3.096367840096704960e+00 2.914402579014208072e-01
1.000000000000000000e+00 -1.128070489015007949e+00 -3.496848063805697571e+00
1.000000000000000000e+00 -1.097913704540533164e+00 -3.176600756679581306e+00
1.000000000000000000e+00 -2.014635726107913083e+00 -3.923384973145815913e-02
1.000000000000000000e+00 -1.004196306404025574e+00 -1.486126766831390000e+00
1.000000000000000000e+00 -3.261105219939270050e+00 4.814992036911180939e-01
1.000000000000000000e+00 -3.278769542056708453e+00 -2.982589326408168873e+00
1.000000000000000000e+00 -3.037165145115201526e-01 -1.593904248170785465e-01
1.000000000000000000e+00 -1.963041981366885791e+00 -1.270707305626519901e+00
1.000000000000000000e+00 -1.747338761804826390e+00 -1.209616339718300626e+00
1.000000000000000000e+00 -1.586076692564524437e+00 -2.445460476545729733e+00
1.000000000000000000e+00 -2.366031190741244128e+00 -3.922690399909974701e+00
1.000000000000000000e+00 -3.711215994879233371e+00 -1.550208558566709360e+00
1.000000000000000000e+00 -3.433335364476001406e+00 -1.734812965289832754e+00
1.000000000000000000e+00 -5.828075266438159652e+00 -2.278596222866800414e+00
1.000000000000000000e+00 -2.922304923740329130e+00 -8.398201983767985546e-01
1.000000000000000000e+00 1.605970943503285842e+00 -7.085375270525409164e-01
1.000000000000000000e+00 -2.179279010744303857e+00 -6.135365387493514344e-01
1.000000000000000000e+00 -2.384980963885674043e+00 -8.077829055422163229e-01
1.000000000000000000e+00 -3.149733052208552486e+00 -1.079842758471365460e+00
1.000000000000000000e+00 -2.457281335877888218e+00 -8.966416407853083914e-01
1.000000000000000000e+00 -8.848606428293359638e-01 -3.154847382681840173e+00
1.000000000000000000e+00 -3.401053863334922767e+00 9.474346053907090059e-01
1.000000000000000000e+00 -4.414608375171073185e+00 -2.166002747243074289e+00
1.000000000000000000e+00 -2.431676052276230404e-01 -2.227940045995786544e+00
1.000000000000000000e+00 2.454598348889458492e-01 -2.035237182867229766e+00
1.000000000000000000e+00 -1.181158042630557459e+00 1.177368495517496783e-01
1.000000000000000000e+00 -3.422065960955634534e+00 -1.750072404889021938e+00
1.000000000000000000e+00 -3.601018301492462825e+00 -4.614111475367992377e+00
1.000000000000000000e+00 1.286816894623299401e+00 -1.062344462805819401e+00
1.000000000000000000e+00 -1.394120901768149512e+00 -3.033404236597569970e+00
1.000000000000000000e+00 -1.740061100215539502e+00 -8.097803060395694086e-01
1.000000000000000000e+00 -5.255248685537885045e+00 -5.887333787407896146e+00
1.000000000000000000e+00 -5.040181877078554251e+00 -6.161706253004678224e+00
1.000000000000000000e+00 1.319976136543954404e+00 -2.052518246256107570e+00
1.000000000000000000e+00 -2.806761321235692108e+00 -1.319289677267003746e+00
1.000000000000000000e+00 1.116867485490708134e+00 -5.604499849787243360e-01
1.000000000000000000e+00 -1.263413171920702682e+00 -5.152481461432363297e+00
1.000000000000000000e+00 -1.846754329923236737e+00 -2.742634195549211285e+00
1.000000000000000000e+00 -2.656613304515815344e+00 -1.188225176946967165e+00
1.000000000000000000e+00 1.460400023538060754e+00 -3.384690080601421958e+00
1.000000000000000000e+00 -2.132947745513190441e+00 -2.649743532458260553e+00
1.000000000000000000e+00 -3.765800075221878096e+00 -3.419727194640289625e+00
1.000000000000000000e+00 -4.060648716820016269e+00 -3.166273378710031672e+00
1.000000000000000000e+00 -2.220003486198156573e+00 -1.732236728710290219e+00
1.000000000000000000e+00 -4.657239995841133684e-02 1.599810750245591162e+00
1.000000000000000000e+00 -2.025888638374739870e+00 -9.323518449611523096e-02
1.000000000000000000e+00 -5.832481399562222890e+00 -4.113165948927234972e+00
1.000000000000000000e+00 -2.150474416431694458e+00 -4.094667790775805116e+00
1.000000000000000000e+00 -5.104159865430610843e+00 -3.592540548163837499e+00
1.000000000000000000e+00 -3.277985028381198873e+00 -1.827074671080582302e+00
1.000000000000000000e+00 -4.367577032396649628e+00 1.651599140273232180e+00
1.000000000000000000e+00 -3.099215195335164097e+00 -2.938950073608980418e+00
1.000000000000000000e+00 -3.189590589356772199e+00 -3.760184805650673034e+00
1.000000000000000000e+00 -2.091787005324586168e+00 -1.383287113972810456e+00
1.000000000000000000e+00 -2.016019691272260328e+00 -3.201372611197653928e+00
1.000000000000000000e+00 -1.125465971554232114e+00 -2.268102971421252168e+00
1.000000000000000000e+00 -3.735877509500735716e+00 3.422951554416369113e+00
1.000000000000000000e+00 -2.850592610121186699e+00 -4.230242214992129490e+00
1.000000000000000000e+00 4.119384871537530302e-01 -5.495225310908453675e-01
1.000000000000000000e+00 -1.168458744669834237e+00 -2.801519265428727312e+00
1.000000000000000000e+00 -4.604554685234367284e+00 -2.688771601808202405e+00
1.000000000000000000e+00 -4.217181913668459181e+00 -4.965427891690699091e+00
1.000000000000000000e+00 -1.228733048103640035e+00 1.298823085395217181e+00
1.000000000000000000e+00 -4.663939722928116538e-01 -4.895980484273412259e-01
1.000000000000000000e+00 -3.451989874961566063e+00 -6.897794936702881241e-01
1.000000000000000000e+00 -2.612189554347968290e+00 -5.723904770049958124e+00
1.000000000000000000e+00 -2.510788189873385257e+00 -1.267735552506270125e+00
1.000000000000000000e+00 -9.500617493720855400e-01 -1.070315219519607730e+00
1.000000000000000000e+00 -3.668666259706884425e+00 -3.079173556711001236e+00
1.000000000000000000e+00 -2.256601473251693690e+00 -1.341734181662499470e+00
1.000000000000000000e+00 8.888542237671579471e-01 -1.307693792093905572e+00
1.000000000000000000e+00 -2.590729049926954630e+00 -3.843655311806213337e-01
1.000000000000000000e+00 6.742626885621181287e-01 -2.490967835791931595e+00
1.000000000000000000e+00 -1.236235958558761006e+00 -1.994036916709958529e+00
1.000000000000000000e+00 -2.102255872056012720e+00 -1.986352310106296093e+00
1.000000000000000000e+00 -2.333092196960304232e+00 -1.118721699045803541e+00
1.000000000000000000e+00 -2.044786226521547512e+00 -5.705671199112214431e-01
1.000000000000000000e+00 1.180596766130175279e+00 -3.069933229670418484e-01
1.000000000000000000e+00 -7.165260426911501668e-02 -1.801228027191398073e+00
1.000000000000000000e+00 -4.055740086175256387e+00 -3.781182145847092890e-01
1.000000000000000000e+00 7.027969386153625209e-01 -3.006128665959298729e+00
1.000000000000000000e+00 -1.476901379931413905e+00 -2.521718258121011136e+00
1.000000000000000000e+00 -2.636081704012919413e+00 -1.179544247606945095e+00
1.000000000000000000e+00 -8.091252429609057106e-01 9.040624401844801206e-01
1.000000000000000000e+00 -4.069132539992159181e+00 -1.205127865095736217e+00
1.000000000000000000e+00 -1.644912059579125341e+00 -4.635999314587776254e+00
1.000000000000000000e+00 -5.628192073139443252e+00 -4.366137474520586093e-01
1.000000000000000000e+00 -4.149194461698055392e+00 -5.526280056130728369e+00
1.000000000000000000e+00 -5.960490000002081068e-01 -1.466133531735990037e+00
1.000000000000000000e+00 2.214128573553195700e-01 -3.344372342404295928e+00
1.000000000000000000e+00 -6.084452502764628790e+00 -5.217724158687824243e+00
1.000000000000000000e+00 -1.253814597192050684e+00 6.930445709322183845e-01
1.000000000000000000e+00 -4.204433917082694983e+00 -3.422510174705275077e+00
1.000000000000000000e+00 -1.082973410899222610e+00 -1.532421202261316839e+00
1.000000000000000000e+00 -9.741564297889875323e-01 6.265904748749826503e-01
1.000000000000000000e+00 -1.664817371546304825e+00 -2.189014176146797830e+00
1.000000000000000000e+00 -1.108019483358463786e+00 -2.516996072916107163e+00
1.000000000000000000e+00 -1.980907961789631022e+00 -1.570779254751353493e+00
1.000000000000000000e+00 -1.771452381029605672e+00 -4.809330367048451293e+00
1.000000000000000000e+00 -2.452680398617916424e+00 -1.589182470791259627e+00
1.000000000000000000e+00 -3.390403791737038208e+00 -1.861211215085812887e+00
1.000000000000000000e+00 -2.191109710748626593e+00 -2.954803443005056707e+00
1.000000000000000000e+00 -9.997335241216822599e-01 -2.930144972616589794e+00
1.000000000000000000e+00 -2.667604354369250697e+00 -1.646657918905904516e+00
1.000000000000000000e+00 -1.646051356829973278e+00 -2.193997223906641203e+00
1.000000000000000000e+00 -3.189731928671808436e-01 -3.105132562935830176e+00
1.000000000000000000e+00 -2.232919767366382757e+00 -2.224716626475733428e+00
1.000000000000000000e+00 1.513879775474040734e-01 -4.187088719156166761e+00
1.000000000000000000e+00 -9.798901148487073609e-01 -4.025453865934292885e+00
1.000000000000000000e+00 -1.627890262602427196e-01 -1.823517038701665705e+00
1.000000000000000000e+00 2.667773938085512775e+00 -2.959477902537940963e+00
1.000000000000000000e+00 -3.703822001876205583e+00 6.959165841592716006e-01
1.000000000000000000e+00 -5.268711996046464563e+00 -2.462717571407055939e+00
1.000000000000000000e+00 -2.043675107600612773e+00 -2.848336407332583420e+00
1.000000000000000000e+00 5.516023719508913459e-01 -5.065564587844534117e+00
1.000000000000000000e+00 -4.024866464904885532e+00 -1.645317970585282952e+00
1.000000000000000000e+00 -2.887440848555964834e+00 -1.803271335591870805e+00
1.000000000000000000e+00 -4.358778793495011072e+00 -2.035494137733508069e+00
1.000000000000000000e+00 2.163293683552480751e-01 4.550246432299389632e-01
1.000000000000000000e+00 -4.596708986592897617e+00 -1.865641837717073370e+00
1.000000000000000000e+00 -2.367912857789570502e+00 -1.073622577888664331e+00
1.000000000000000000e+00 -4.728210758528160085e+00 -3.154908024889098161e-01
1.000000000000000000e+00 -1.285872668939797236e+00 -3.945303032981502422e+00
1.000000000000000000e+00 -2.898046981407540468e+00 -2.463783627482324157e+00
1.000000000000000000e+00 -1.206618353792714871e+00 2.076979897319811030e+00
1.000000000000000000e+00 -3.524273578197578694e+00 -2.658475286006957372e+00
1.000000000000000000e+00 -5.785643963730873196e+00 -2.521734672274948075e+00
1.000000000000000000e+00 -2.394580207380575754e+00 -4.835132020161312383e+00
1.000000000000000000e+00 -3.558172712166664198e+00 -8.501967159215753078e-01
1.000000000000000000e+00 -2.729459273121754848e+00 -4.619245354144055682e+00
1.000000000000000000e+00 6.364369436056476204e-01 -2.208697791681532685e+00
1.000000000000000000e+00 3.952628525284280769e-01 -1.890972395406773421e+00
1.000000000000000000e+00 -3.632483496769499887e+00 -2.787947945088915080e+00
1.000000000000000000e+00 -1.156712852583305251e+00 -4.445883768081451137e+00
1.000000000000000000e+00 -1.722363026770692418e+00 -1.730451493895460491e+00
1.000000000000000000e+00 -3.430902232204772417e+00 -1.499600906292167579e+00
1.000000000000000000e+00 -2.507197544637118636e+00 -1.639916013871159040e+00
1.000000000000000000e+00 -2.410382247906029729e+00 2.814308662234350500e-01
1.000000000000000000e+00 -1.822876901777337189e+00 -2.973020506644564964e+00
1.000000000000000000e+00 -2.623979016880301440e+00 -7.652542531347650279e-01
1.000000000000000000e+00 -3.520164118275342702e+00 -2.457770639768378729e+00
1.000000000000000000e+00 -3.871375884376694110e+00 -5.134994763872158252e-01
1.000000000000000000e+00 -2.492136446346929990e+00 -3.051485306583515023e+00
1.000000000000000000e+00 -2.077995454820538157e+00 -2.102954016434117168e+00
1.000000000000000000e+00 5.160428088764801302e-02 -2.671333888497282594e+00
1.000000000000000000e+00 2.407677263956475855e-02 -2.525944367415118741e+00
1.000000000000000000e+00 -2.996921908501668952e+00 -3.669446886274413622e+00
1.000000000000000000e+00 -3.271925691466333053e-01 -9.085584578086265406e-01
1.000000000000000000e+00 -1.606972745054766838e+00 -4.669841080617708862e+00
1.000000000000000000e+00 -1.430549480571309928e+00 6.358507510436179899e-01
1.000000000000000000e+00 -2.321274856994414826e+00 -8.965588562473227885e-01
1.000000000000000000e+00 -1.108970717601142297e+00 -3.436647748223727206e+00
1.000000000000000000e+00 5.504106119090135252e-03 -2.607458939795739283e+00
1.000000000000000000e+00 -2.131839279519110342e+00 -3.309168338032421719e+00
1.000000000000000000e+00 -1.741291452254789096e+00 -1.856064221382712764e+00
1.000000000000000000e+00 -3.106771909689758360e+00 -3.018033072594430877e+00
1.000000000000000000e+00 -1.538271353254304863e+00 -3.461666169409463922e+00
1.000000000000000000e+00 -2.736637261289769807e+00 -2.373232874369822554e+00
1.000000000000000000e+00 -1.629894127784345503e+00 -6.064764300685618892e+00
1.000000000000000000e+00 2.184638582830847220e+00 -1.990136350610856475e+00
1.000000000000000000e+00 -5.276708051700389479e-01 -4.079649897651165702e+00
1.000000000000000000e+00 -2.501031627026723214e+00 -1.879605639747988777e+00
1.000000000000000000e+00 -3.105028960891050627e+00 1.955763889344059869e-01
1.000000000000000000e+00 -3.254505844744906007e+00 -6.405618201846973392e+00
1.000000000000000000e+00 5.334815505198693408e-01 -2.965476267139155464e+00
1.000000000000000000e+00 -2.490836071111956151e+00 -1.509842909443780634e+00
1.000000000000000000e+00 -2.682061861635421263e+00 -3.622147925733094631e-01
1.000000000000000000e+00 -1.981722304141228852e+00 -4.328111065827961568e+00
1.000000000000000000e+00 -2.059898316398405704e+00 -1.230593402281745963e+00
1.000000000000000000e+00 -2.672625279347937699e+00 -2.500345672869341840e+00
1.000000000000000000e+00 -4.163208428283285301e+00 -3.758454713733771158e+00
1.000000000000000000e+00 -2.104762267609126880e+00 -2.445041369988836255e-01
1.000000000000000000e+00 -4.202511443385212431e+00 -4.235507390796138694e+00
1.000000000000000000e+00 -3.986642050427978923e+00 -6.280112235808532617e+00
1.000000000000000000e+00 -1.691347163594693725e+00 -2.450214585153573932e-01
1.000000000000000000e+00 -4.831752519318183836e+00 -4.725458944274115503e+00
1.000000000000000000e+00 -2.650295541420155665e-01 -2.183840891958938268e+00
1.000000000000000000e+00 -3.962530151356965291e+00 -3.202497464583365705e+00
1.000000000000000000e+00 -2.040986219413166936e+00 -3.289664172432740230e+00
1.000000000000000000e+00 -2.537426540975469713e+00 -2.441513388941204177e+00
1.000000000000000000e+00 -1.481658912114083071e+00 -4.082118898044765132e+00
1.000000000000000000e+00 -3.631308363924485860e+00 1.940266131264246408e+00
1.000000000000000000e+00 -3.190002813090024425e+00 6.017554496630306282e-01
1.000000000000000000e+00 -1.464170398386389849e+00 -3.965002067506306460e+00
1.000000000000000000e+00 -9.198997984544783346e-01 -2.365251405324886758e+00
1.000000000000000000e+00 -3.911736880773938108e+00 -5.658194379769863502e+00
1.000000000000000000e+00 -9.379581038309507957e-01 -2.157142239246721438e+00
1.000000000000000000e+00 -1.338905113507791178e+00 -8.520365896190758015e-01
1.000000000000000000e+00 -2.196655334704471940e+00 3.386375013627951347e-01
1.000000000000000000e+00 -3.538531407561046560e+00 -2.124341560454289901e+00
1.000000000000000000e+00 -2.837426275705351664e+00 -1.157113061652027097e+00
1.000000000000000000e+00 -1.918004431089745943e+00 -3.941502933730181013e-01
1.000000000000000000e+00 -1.375989726996321494e+00 -6.779970783022140068e-01
1.000000000000000000e+00 -4.421187450260418927e+00 -2.868661889257320574e+00
1.000000000000000000e+00 -7.132741189145064276e-01 -1.990980518067364091e+00
1.000000000000000000e+00 -2.030402481119347069e+00 -1.067249094023700495e+00
1.000000000000000000e+00 -9.134815497675898843e-01 -1.518262543964847167e+00
1.000000000000000000e+00 -3.120671564472773163e+00 -3.628620477950420309e+00
1.000000000000000000e+00 -3.018224392221394492e+00 -3.934754215767064078e+00
1.000000000000000000e+00 -3.881806718322902139e+00 -3.434257948631141311e+00
1.000000000000000000e+00 -6.883148762844573110e-01 -4.115939690454095690e+00
1.000000000000000000e+00 1.075608074284680082e+00 -1.344430114599717507e+00
1.000000000000000000e+00 -2.230916085462463005e+00 -2.587407318464486572e+00
1.000000000000000000e+00 -4.150988069680829895e+00 -3.144980195199960082e+00
1.000000000000000000e+00 -3.026440306032779581e+00 -4.341991070833445931e+00
1.000000000000000000e+00 -1.598352148363541891e+00 -8.877656908001412273e-01
1.000000000000000000e+00 -2.778152919955434008e+00 -1.099274568774784688e+00
1.000000000000000000e+00 3.067587992718494583e-01 -3.340977055873282087e-01
1.000000000000000000e+00 -2.781653482635309871e+00 -2.310209459387337461e+00
1.000000000000000000e+00 -1.237141539070218510e+00 3.432962017203777805e-03
1.000000000000000000e+00 -3.597727657997298323e+00 -6.388270229303133263e+00
1.000000000000000000e+00 -1.050492012465385816e+00 -2.061872443905360175e+00
1.000000000000000000e+00 7.907489204798956450e-02 -2.481313604027406416e+00
1.000000000000000000e+00 -1.024045729466278809e+00 1.241494546015399436e+00
1.000000000000000000e+00 -2.837128845447772107e+00 4.270110266721847125e-01
1.000000000000000000e+00 -3.056495439737629827e+00 -6.345481070399925372e+00
1.000000000000000000e+00 -5.791250022042395695e-01 -1.232000635262723964e+00
1.000000000000000000e+00 -3.048584718509839142e-02 -3.807496145127758247e+00
1.000000000000000000e+00 -3.296440291463687888e+00 -2.605028999124030076e+00
1.000000000000000000e+00 -3.524376658315741651e+00 -2.135565130175713922e+00
1.000000000000000000e+00 -1.186472172785525858e+00 -1.800813251249991254e+00
1.000000000000000000e+00 -2.257813770205495452e+00 -1.901328348797282297e+00
1.000000000000000000e+00 -2.756835419710141899e-01 -2.602074542068770757e+00
1.000000000000000000e+00 -3.004757486213312845e+00 -1.182115928886968481e+00
1.000000000000000000e+00 -2.810448811179012019e+00 -1.578606495004743815e+00
1.000000000000000000e+00 -1.725227439882802472e+00 -3.133768572453217161e+00
1.000000000000000000e+00 -1.316584082815201340e+00 -3.663108411629534711e+00
1.000000000000000000e+00 -2.765147973947191140e+00 -1.357188765902098693e+00
1.000000000000000000e+00 -3.194170567169472008e+00 -2.764225953692962978e+00
1.000000000000000000e+00 2.581725572814881353e-01 1.630091847667154425e-01
1.000000000000000000e+00 -4.124038367941148309e+00 -2.212972032671473688e+00
1.000000000000000000e+00 -2.780431191773178767e+00 -1.513893367562718639e+00
1.000000000000000000e+00 -1.173533289182750572e+00 -1.667563482872122638e+00
1.000000000000000000e+00 -2.354834536743814599e+00 -2.953156808195489980e+00
1.000000000000000000e+00 -5.840390286695344990e-01 -3.936128273872364858e+00
1.000000000000000000e+00 -2.845747883292755631e+00 -1.447479268757608128e+00
1.000000000000000000e+00 6.528697713020652493e-01 -4.241515240882787197e+00
1.000000000000000000e+00 -5.373939021167903896e+00 -3.282883451588436863e+00
1.000000000000000000e+00 -2.384088504203943693e+00 -3.221746834214999744e+00
1.000000000000000000e+00 -2.536708346239189726e+00 1.272729888895835604e+00
1.000000000000000000e+00 -3.312714418001029504e+00 -2.359815653701640592e+00
1.000000000000000000e+00 -1.549650761836046220e+00 -2.054987218546897587e+00
1.000000000000000000e+00 -7.931299078322113782e-01 -3.358473693536698779e+00
1.000000000000000000e+00 -3.557795816226473562e+00 -3.143711615934643877e+00
1.000000000000000000e+00 2.183658733942173136e-01 -2.678287313322085250e+00
1.000000000000000000e+00 -4.729994467328725527e+00 -1.226040561577541155e+00
1.000000000000000000e+00 -4.019905946354358051e+00 -2.141919314705052368e+00
1.000000000000000000e+00 -3.583624635235947320e+00 -1.647824605524442765e+00
1.000000000000000000e+00 -5.058177259281739779e-01 2.138673784712068482e-01
1.000000000000000000e+00 9.031940273755503235e-01 -3.061691365375392770e+00
1.000000000000000000e+00 5.488642986140206403e-01 -2.330075052092591026e+00
1.000000000000000000e+00 -2.883921884707257188e+00 -7.560488419115416470e-01
1.000000000000000000e+00 -3.637427646661501424e+00 -3.861068075471178140e+00
1.000000000000000000e+00 -3.453650849662382338e+00 -2.660416633663611030e+00
1.000000000000000000e+00 -2.308392738445478987e+00 -1.806417396508579465e+00
1.000000000000000000e+00 -3.207805377454749696e+00 -9.811903782215480874e-02
1.000000000000000000e+00 -1.008888897872127766e+00 1.539973234110103117e+00
1.000000000000000000e+00 -2.702533522398574473e+00 9.642643424093169102e-01
1.000000000000000000e+00 6.150939281476954790e-01 -2.309486834706754088e+00
1.000000000000000000e+00 -3.702941140508116291e+00 -2.441026791276212915e+00
1.000000000000000000e+00 -1.361390178075102320e+00 -1.829396223522970155e+00
1.000000000000000000e+00 -1.951377193635513985e+00 -3.308046671296686725e+00
1.000000000000000000e+00 -1.979012473237105718e+00 -1.286772866425556217e-01
1.000000000000000000e+00 -1.510292925405763542e+00 -2.497276254142620111e+00
1.000000000000000000e+00 -1.759367318898305221e+00 -1.359856094859391629e+00
1.000000000000000000e+00 -1.733058743484905184e+00 -1.257980057683100394e+00
1.000000000000000000e+00 -2.702136879277406756e+00 -1.029519777430400351e+00
1.000000000000000000e+00 -7.254836736001755160e-01 -1.425158125320176161e+00
1.000000000000000000e+00 -5.209681686210375418e+00 -3.262618174118309788e+00
1.000000000000000000e+00 -1.430192015207194078e+00 -1.298948266769494708e+00
1.000000000000000000e+00 -2.392952189826894394e+00 2.417127824408669134e-01
1.000000000000000000e+00 -1.251909025946701837e+00 -2.055053883247203395e+00
1.000000000000000000e+00 -1.808193301630937944e+00 -5.581027249031388138e+00
1.000000000000000000e+00 -1.646653103697362841e+00 -1.765318920072739051e+00
1.000000000000000000e+00 -4.356391442673435144e-01 -7.097097634668549926e-01
1.000000000000000000e+00 -2.114688558299941512e+00 -2.029432130675918433e+00
1.000000000000000000e+00 -1.875843352075186932e+00 -3.582378068595795551e+00
1.000000000000000000e+00 -4.916770345990092217e+00 -2.479726334055115444e+00
1.000000000000000000e+00 -3.033958067068335041e+00 4.255430515874221165e-01
1.000000000000000000e+00 -1.211857627127442383e+00 -2.282100879775933233e+00
1.000000000000000000e+00 -3.567658516241545286e-02 -6.291074733240404449e+00
1.000000000000000000e+00 -4.956302569879817099e+00 1.714643141669949244e-01
1.000000000000000000e+00 -1.442816542977959582e+00 -3.119651579744674663e+00
1.000000000000000000e+00 -9.500056759366957149e-01 -8.471710111345527316e-01
1.000000000000000000e+00 -1.588822336915373334e+00 -3.092391581567986769e+00
1.000000000000000000e+00 -2.315582815689275265e+00 -3.307199078721430485e+00
1.000000000000000000e+00 -1.759682345710468887e+00 -2.671877055026484982e+00
1.000000000000000000e+00 -3.025229792518373539e-01 -3.271105278522083992e+00
1.000000000000000000e+00 -2.011123496367924091e+00 -1.796269886264588278e+00
1.000000000000000000e+00 8.354171958164440248e-01 9.925356243708387538e-01
1.000000000000000000e+00 -1.832298710355546589e-01 -2.574717115017076452e+00
1.000000000000000000e+00 -7.874604778619875844e-02 -3.344801926921613600e+00
1.000000000000000000e+00 -3.124087239395680893e+00 -3.703775385831123756e+00
1.000000000000000000e+00 -2.198168810795306793e+00 -5.280375970177653144e-02
1.000000000000000000e+00 -2.681976445567850309e+00 -4.115757597897037101e+00
1.000000000000000000e+00 -1.293518128068281925e+00 -1.864845576683578088e+00
1.000000000000000000e+00 -7.046968170627911920e-01 -3.994167615997956666e-01
1.000000000000000000e+00 -4.336135595088288497e+00 1.457401235871644385e+00
1.000000000000000000e+00 -4.420575199629531937e+00 -3.325866512176587353e-01
1.000000000000000000e+00 -1.241104945919095037e+00 -8.458020626229025840e-01
1.000000000000000000e+00 9.270322252761360460e-01 -4.118522062583327426e+00
1.000000000000000000e+00 4.779805675686468192e-01 -5.116350039060129973e+00
1.000000000000000000e+00 -2.572618835024568895e+00 -2.226319297383253293e+00
1.000000000000000000e+00 -2.705767318045400494e+00 -1.419287811320871562e+00
1.000000000000000000e+00 -4.049285990486128917e-02 3.342654069206119516e+00
1.000000000000000000e+00 4.755711582204602550e-01 -1.504791826204548322e+00
1.000000000000000000e+00 -1.332746482663145660e+00 -4.938701615984308901e+00
1.000000000000000000e+00 -3.616067123833527130e+00 -2.267060236906536463e+00
1.000000000000000000e+00 -2.175327523733235680e+00 -1.690004429866155178e+00
1.000000000000000000e+00 -3.449069844118493045e+00 -3.270808397630833309e-01
1.000000000000000000e+00 -4.249758447442582465e+00 6.687273713836816569e-01
1.000000000000000000e+00 -2.498032186174957037e+00 -2.124932322707312693e+00
1.000000000000000000e+00 -2.676367287467062983e+00 3.464877144985489821e-01
1.000000000000000000e+00 -3.547975588757845689e+00 -3.949261462428422575e+00
1.000000000000000000e+00 -3.629826054185544493e+00 -4.028383631413250399e-01
1.000000000000000000e+00 -2.367500646830087430e+00 -2.917926218932732851e+00
1.000000000000000000e+00 -1.435803198813319748e+00 -4.349288188805990885e-01
1.000000000000000000e+00 4.174557697425615999e-01 -1.014615131098392853e+00
1.000000000000000000e+00 -3.966108842466756990e+00 -3.939802072164863667e+00
1.000000000000000000e+00 1.824025532096240632e-01 2.223722179159759449e-01
1.000000000000000000e+00 -3.065543415387210757e+00 -3.990806932462348300e+00
1.000000000000000000e+00 -1.733550665940155167e+00 -1.573816482949538242e+00
1.000000000000000000e+00 -2.172566156410645544e+00 3.462665669047382266e-02
1.000000000000000000e+00 -7.265497235777038654e-01 1.075172082281788288e+00
1.000000000000000000e+00 -3.261054519392618811e+00 -1.842144907842895529e+00
1.000000000000000000e+00 -4.886546313353301585e+00 -3.122428916727905346e+00
1.000000000000000000e+00 -3.203372162781678689e+00 -1.866923600861913890e+00
1.000000000000000000e+00 -2.872787282549198018e+00 -5.887198082547669742e+00
1.000000000000000000e+00 -5.776297955192844391e+00 -3.822555486471991948e+00
1.000000000000000000e+00 -1.498490871385951717e+00 4.233129860974793601e-02
1.000000000000000000e+00 -5.413188547505431991e-01 -3.424998973944540559e+00
1.000000000000000000e+00 -1.605508303014528959e+00 -2.419864450077562790e+00
1.000000000000000000e+00 -3.060318366207265051e+00 5.517802091785570795e-01
1.000000000000000000e+00 -3.489238271035902894e+00 -8.374427908739128235e-01
1.000000000000000000e+00 -1.679500426023037729e+00 -5.843677174812935249e+00
1.000000000000000000e+00 -7.372634139265699105e-01 -2.694111508193355320e+00
1.000000000000000000e+00 -1.212620788656088244e+00 -1.329038534737522426e+00
1.000000000000000000e+00 -4.354316383803123358e+00 -4.008998459587035157e+00
1.000000000000000000e+00 -1.726325114782722325e+00 7.247710276420451514e-01
1.000000000000000000e+00 -4.339911443721551798e+00 -3.126224536837991508e+00
1.000000000000000000e+00 -2.130355538700310802e+00 -3.164569692451871141e+00
1.000000000000000000e+00 -7.485501159092120549e-01 -9.351652298023283016e-01
1.000000000000000000e+00 -1.641465028091770861e-02 -4.462598883372015379e-01
1.000000000000000000e+00 -4.313083600929990880e+00 -3.670946468017258546e+00
1.000000000000000000e+00 -1.375801327322995871e+00 -4.269065837489497639e+00
1.000000000000000000e+00 -8.016382214784547600e-01 -1.370356900657338839e+00
1.000000000000000000e+00 -6.125716197038564292e-01 2.050549417238254790e+00
1.000000000000000000e+00 -1.568730315689532695e-01 1.625817804145603951e+00
1.000000000000000000e+00 -4.695478072210113041e+00 -3.152699356261539965e+00
1.000000000000000000e+00 -3.812253679071619494e+00 -1.205134900467142334e+00
1.000000000000000000e+00 -2.498257908086904955e-01 -3.100993636149661725e+00
1.000000000000000000e+00 -1.848286657999916427e+00 -1.846513743980680244e+00
1.000000000000000000e+00 -1.433933355477309046e+00 -6.312379774660348275e-01
1.000000000000000000e+00 -8.949537454396347957e-01 -2.375936861276182643e+00
1.000000000000000000e+00 -3.348509256271297918e+00 -3.172363880998752883e+00
1.000000000000000000e+00 -4.488360622966233393e+00 -3.562514963915653254e+00
1.000000000000000000e+00 -4.212633193198223935e+00 -3.789939848553895985e+00
1.000000000000000000e+00 -3.241726959146917331e+00 8.569087602618186139e-01
1.000000000000000000e+00 -3.337234170389910215e+00 -3.591859687904306320e+00
1.000000000000000000e+00 -4.866617285627317102e-01 -1.987869985572277010e+00
1.000000000000000000e+00 -2.759706603087624277e+00 -2.095389312701052553e+00
1.000000000000000000e+00 -4.362177721693056398e+00 -2.407422773285660789e+00
1.000000000000000000e+00 -2.559886301291409705e-01 -2.509943288182491905e+00
1.000000000000000000e+00 -3.509557111728328849e+00 -3.540447573874907050e+00
1.000000000000000000e+00 -2.261412247008558030e+00 1.659338095903275523e-01
1.000000000000000000e+00 -2.338319719676753117e+00 3.686993728213123767e-01
1.000000000000000000e+00 -6.597525839024278582e-01 -1.991235222767965496e+00
1.000000000000000000e+00 8.904267356747608275e-02 -4.337106216535804748e+00
1.000000000000000000e+00 -1.128705034276294317e+00 -8.296989294268297677e-02
1.000000000000000000e+00 -5.076944098625070012e+00 -4.916717000247973424e+00
1.000000000000000000e+00 -3.190854514726999103e+00 -4.617857122466229924e+00
1.000000000000000000e+00 -5.492014487416763124e+00 -1.885674899597089560e-01
1.000000000000000000e+00 -3.258698831752632863e+00 -1.870202523473443401e+00
1.000000000000000000e+00 -3.167355497158081956e+00 -5.608927660790818059e+00
1.000000000000000000e+00 -1.891686309262873955e+00 -3.810125936915607081e-01
1.000000000000000000e+00 1.111393468235018389e+00 -6.904564681978302865e+00
1.000000000000000000e+00 -6.700484817102131174e+00 -4.344123546711083250e+00
1.000000000000000000e+00 -1.765095321069710899e+00 -5.928435988646505450e-01
1.000000000000000000e+00 -3.464229489668696260e+00 -1.742886345974015816e+00
1.000000000000000000e+00 -2.237267277331598692e+00 -2.683120237266855224e+00
1.000000000000000000e+00 -5.420561323961138100e+00 -3.606005389275353856e+00
1.000000000000000000e+00 -2.842414007776157714e+00 -3.329756664044281500e+00
1.000000000000000000e+00 -3.528331576214977172e+00 -3.246932895115637319e-01
1.000000000000000000e+00 -4.516361414024350207e-01 -2.358944054250023736e+00
1.000000000000000000e+00 -3.691212102091321334e+00 -2.389918416103851140e+00
1.000000000000000000e+00 -3.582971391138300987e-01 -4.692622040714029552e+00
1.000000000000000000e+00 -5.643079496081469415e+00 -3.539099854926540889e+00
1.000000000000000000e+00 -5.028980552749563238e+00 -1.881887066281277887e+00
1.000000000000000000e+00 -3.684760819980311020e+00 -8.506682479921567896e-01
1.000000000000000000e+00 -2.440910066274628143e+00 -1.323101817336904018e+00
1.000000000000000000e+00 -1.596887628963186145e+00 -4.116343018055678371e+00
1.000000000000000000e+00 2.859280727482502726e-01 -1.899036914446264657e+00
1.000000000000000000e+00 -3.039890460317531407e+00 -1.602760710402791222e+00
1.000000000000000000e+00 5.819273612145789976e-01 -2.765790830310369763e+00
1.000000000000000000e+00 -4.343948111863475958e+00 -6.532524164439743597e-01
1.000000000000000000e+00 -1.869245345046704143e+00 -2.524994116429260416e+00
1.000000000000000000e+00 -1.209087511294571815e+00 7.187598301835977921e-01
1.000000000000000000e+00 2.182177821032414755e+00 -4.722626748280411846e+00
1.000000000000000000e+00 -8.789533759645129507e-01 -2.826017075905654430e+00
1.000000000000000000e+00 4.799137284488379507e-01 -2.096560175351325217e-01
1.000000000000000000e+00 2.922890525965913255e+00 -4.461883478025278293e+00
1.000000000000000000e+00 -1.725658071219690726e+00 -2.584669339792010412e+00
1.000000000000000000e+00 -1.593351532068080889e+00 -1.273450298530087954e+00
1.000000000000000000e+00 2.884716596622056706e-01 7.126116027133990727e-01
1.000000000000000000e+00 -4.368396367637206623e+00 -6.522807692898333620e-01
1.000000000000000000e+00 -1.783954138174689064e+00 -3.629745080966098048e-01
1.000000000000000000e+00 -1.649860028102619447e+00 -2.388049480349761389e+00
1.000000000000000000e+00 -2.110766614497498583e+00 -2.573451612226779428e+00
1.000000000000000000e+00 1.073685376384056589e+00 -3.824696639710118973e-01
1.000000000000000000e+00 9.727476915196091589e-01 -3.865267597483559747e+00
1.000000000000000000e+00 -2.354303354377297541e+00 -2.090089719749523844e+00
1.000000000000000000e+00 -1.649098369596777580e-01 -3.166317437059011031e+00
1.000000000000000000e+00 -5.287092603053908935e-01 9.347737684282684256e-01
1.000000000000000000e+00 -2.203540668166654726e+00 1.463029142730149168e+00
1.000000000000000000e+00 -2.282564655836403666e+00 -1.486175203392709143e+00
1.000000000000000000e+00 -2.619841692612805417e+00 -1.961939441151909325e+00
1.000000000000000000e+00 -3.228714930013960593e-01 -1.826929366204717242e+00
1.000000000000000000e+00 -1.533693050265161339e-01 -3.478382213461409300e+00
1.000000000000000000e+00 -2.159272395081619500e-01 -5.015601991213266331e+00
1.000000000000000000e+00 -2.249135925560861171e+00 -2.175542338785991348e+00
1.000000000000000000e+00 -2.887860866021816797e+00 -3.305126158200462960e+00
1.000000000000000000e+00 -2.869089938770580162e+00 -3.122875083265018503e+00
1.000000000000000000e+00 -1.976427517343677831e+00 -1.816528575747994978e+00
1.000000000000000000e+00 -1.787173267238721275e+00 -4.503617256886522924e-01
1.000000000000000000e+00 -2.030973475852937415e+00 -9.820590997586224891e-01
1.000000000000000000e+00 2.165668923600044593e+00 4.016832252833136607e+00
1.000000000000000000e+00 1.909679970122011294e+00 2.578120177088284670e+00
1.000000000000000000e+00 1.631504147223149737e+00 2.522695152039783562e+00
1.000000000000000000e+00 6.173758083897200599e-01 2.484404463726594958e+00
1.000000000000000000e+00 1.224911597687572407e+00 1.905164393738854489e+00
1.000000000000000000e+00 1.790309302299319949e+00 3.496120886110754000e+00
1.000000000000000000e+00 1.399478901956350496e+00 3.801678857890038010e+00
1.000000000000000000e+00 9.102232153389137048e-01 2.097781716910044558e+00
1.000000000000000000e+00 1.818535731368651653e+00 7.540652042487681062e-01
1.000000000000000000e+00 1.096112650216028328e+00 8.530770218445136166e-01
1.000000000000000000e+00 1.576999501140919913e+00 7.681458422075644332e-01
1.000000000000000000e+00 1.418312229292112647e+00 3.136781336879984394e+00
1.000000000000000000e+00 1.521450249304794111e+00 4.220753266497114797e-01
1.000000000000000000e+00 1.417921569739717835e+00 2.550439993715143405e+00
1.000000000000000000e+00 1.221371954333354104e+00 5.644368041664580282e-01
1.000000000000000000e+00 1.505955207207475111e+00 3.206089222643642156e-01
1.000000000000000000e+00 1.180402615138159028e+00 1.941145626911786382e+00
1.000000000000000000e+00 1.976737022860029391e+00 3.924649775986101208e+00
1.000000000000000000e+00 1.403708566989084083e+00 1.655368562089578832e+00
1.000000000000000000e+00 1.103669594632953777e+00 2.645585657809241820e-01
1.000000000000000000e+00 4.747874495976456277e-01 -7.309628596288226809e-01
1.000000000000000000e+00 4.560713344004116987e-01 -1.640489032813418735e+00
1.000000000000000000e+00 1.347764475391095340e+00 4.725016669711697759e+00
1.000000000000000000e+00 1.538317930767147512e+00 5.915444971937178220e-01
1.000000000000000000e+00 1.517025324878513048e+00 3.545034414431663006e+00
1.000000000000000000e+00 2.748695716820871215e+00 2.178803665799343037e+00
1.000000000000000000e+00 1.464614111317497080e+00 2.551733607696551331e+00
1.000000000000000000e+00 1.893864619881860056e+00 4.505409209332379206e+00
1.000000000000000000e+00 1.263402216923411370e+00 -1.835472025183348954e-01
1.000000000000000000e+00 1.962433584540941300e+00 3.683159139996734943e+00
1.000000000000000000e+00 1.734005726303551098e+00 2.994126464703998458e+00
1.000000000000000000e+00 1.060066557976223844e+00 1.333700530375540705e+00
1.000000000000000000e+00 9.087421110859664752e-01 1.249266724950157670e-01
1.000000000000000000e+00 1.202597816154311827e+00 -2.130750305440103354e-01
1.000000000000000000e+00 1.243212814122208076e+00 3.745113312783427517e+00
1.000000000000000000e+00 1.322289218768934349e+00 3.340033363022342883e+00
1.000000000000000000e+00 7.169971449876730851e-01 1.114569426620665160e+00
1.000000000000000000e+00 1.757550019441594724e+00 3.144979821745301773e+00
1.000000000000000000e+00 9.187144137603110439e-01 -1.486568510245991348e-01
1.000000000000000000e+00 2.104212111452854916e+00 3.330739215557379396e+00
1.000000000000000000e+00 1.852677040806338438e+00 2.113226792069140103e+00
1.000000000000000000e+00 9.472205829429554136e-01 1.662186249220924283e+00
1.000000000000000000e+00 8.789837659629007316e-01 8.755577298151318022e-01
1.000000000000000000e+00 1.208585118344565501e+00 1.971757798030869369e+00
1.000000000000000000e+00 1.085273744422483810e+00 9.301534359416063769e-01
1.000000000000000000e+00 6.232039017930808278e-01 1.357439071076099957e+00
1.000000000000000000e+00 1.214991431231334351e+00 3.570551359296174621e-01
1.000000000000000000e+00 1.890293771565858094e+00 2.911757336871338975e+00
1.000000000000000000e+00 1.339487560128870047e+00 -2.698714643320371032e+00
1.000000000000000000e+00 1.469754595106604667e+00 1.490802285785542303e+00
1.000000000000000000e+00 2.025314370492454330e+00 3.007960258759827088e+00
1.000000000000000000e+00 1.943947639356656598e+00 2.223966371157858557e+00
1.000000000000000000e+00 1.038405498545082573e+00 2.376968726927521036e+00
1.000000000000000000e+00 1.059973502293972469e+00 8.117998000003288084e-01
1.000000000000000000e+00 1.606180056018251534e+00 3.822830550697436713e+00
1.000000000000000000e+00 1.408107599535950438e+00 -4.287080653656727414e-01
1.000000000000000000e+00 1.135068266944442295e+00 1.749306367434105836e+00
1.000000000000000000e+00 1.549326444535229719e+00 2.707174957401176307e+00
1.000000000000000000e+00 1.826900921157354141e+00 3.499855780434237396e+00
1.000000000000000000e+00 1.913754256974633083e+00 2.257284928908556587e+00
1.000000000000000000e+00 3.809295316217173877e-01 -1.821855781506145799e+00
1.000000000000000000e+00 1.429048279959697521e+00 4.168843304516014925e+00
1.000000000000000000e+00 2.295385722159754227e+00 1.677258887211098504e+00
1.000000000000000000e+00 1.845914712343125652e+00 1.966604825373653220e+00
1.000000000000000000e+00 1.909867412635025019e+00 2.797282868521173693e+00
1.000000000000000000e+00 1.078862053330668314e+00 1.902907325994299237e+00
1.000000000000000000e+00 1.805817609501237708e+00 -1.859304814312179754e+00
1.000000000000000000e+00 1.217023643499226759e+00 1.522652376625172277e+00
1.000000000000000000e+00 1.004692141106098058e+00 6.277438518628006836e-01
1.000000000000000000e+00 1.853171733966583412e+00 3.233433837274356737e+00
1.000000000000000000e+00 1.608914896463794486e+00 2.678705702055314219e+00
1.000000000000000000e+00 1.771482199920185963e+00 2.641444486079205234e+00
1.000000000000000000e+00 1.478543750208652252e+00 1.211033127357666217e+00
1.000000000000000000e+00 8.945754737067986850e-01 -2.421011603160666326e+00
1.000000000000000000e+00 1.127613206587092076e+00 2.120928439488226847e+00
1.000000000000000000e+00 1.702426108252865777e+00 1.945290087216287045e+00
1.000000000000000000e+00 1.942433690079595987e+00 5.037193662377388748e+00
1.000000000000000000e+00 1.399901870530062542e+00 6.361107341927096925e-01
1.000000000000000000e+00 1.515994021649249124e+00 1.325358589683807153e+00
1.000000000000000000e+00 1.052027542733653398e+00 1.198493243702449806e-01
1.000000000000000000e+00 1.062253044600323104e+00 7.851488451909582889e-01
1.000000000000000000e+00 2.012578328723907184e+00 1.728721006330178112e+00
1.000000000000000000e+00 1.822128119615300079e+00 4.426927965967029976e+00
1.000000000000000000e+00 1.958085962595005780e+00 3.721425802176162811e+00
1.000000000000000000e+00 1.697751799050293942e+00 3.819862415492083940e+00
1.000000000000000000e+00 1.797312673897652591e+00 2.473416776270390915e+00
1.000000000000000000e+00 2.097262705416309547e+00 3.936608119386764137e+00
1.000000000000000000e+00 1.404858180009948221e+00 1.261338187647818909e+00
1.000000000000000000e+00 1.076815110464969250e+00 6.179535772881825650e-01
1.000000000000000000e+00 1.750323596370086943e+00 1.768533909575292551e+00
1.000000000000000000e+00 1.683594641297647021e+00 2.636282758738726972e+00
1.000000000000000000e+00 1.783090889158528647e+00 3.604046442915400661e+00
1.000000000000000000e+00 1.738396158286267701e+00 2.034844949757727672e+00
1.000000000000000000e+00 1.021546813921110353e+00 2.098917043791709958e+00
1.000000000000000000e+00 1.037599250671841222e+00 4.799381178083614863e-01
1.000000000000000000e+00 1.527141377155338819e+00 -9.791229599129342986e-01
1.000000000000000000e+00 2.165787177344629111e+00 1.836329613226818758e+00
1.000000000000000000e+00 5.151768383445657351e-01 -1.756593701096871740e+00
1.000000000000000000e+00 1.228043425579617542e+00 1.187653247710581450e+00
1.000000000000000000e+00 1.431133390083741075e+00 1.964027722469257053e-01
1.000000000000000000e+00 1.348185457202434767e+00 2.589810474052338662e+00
1.000000000000000000e+00 8.169765962426637218e-01 8.116853892053403907e-01
1.000000000000000000e+00 9.130670425248675892e-01 -1.814164734626578568e+00
1.000000000000000000e+00 1.778348661044789614e+00 2.500491342533065264e+00
1.000000000000000000e+00 1.457182986518647416e+00 1.118990395583526531e+00
1.000000000000000000e+00 1.446366109705649272e+00 2.351619050301582359e+00
1.000000000000000000e+00 1.273990671915638195e+00 3.200183446116315888e-01
1.000000000000000000e+00 1.951703463248599446e+00 2.064499498025143875e+00
1.000000000000000000e+00 1.617135501959305444e+00 3.448833082893052016e+00
1.000000000000000000e+00 1.054884870704703825e+00 8.514650353314445752e-02
1.000000000000000000e+00 8.345483034044972603e-01 -5.687029183393219611e-01
1.000000000000000000e+00 1.581503156132839871e+00 3.283436488493169936e+00
1.000000000000000000e+00 1.339810393690674895e+00 2.676128427792734410e-01
1.000000000000000000e+00 1.357436017500249115e+00 2.069520098683380827e+00
1.000000000000000000e+00 1.351874019436559271e+00 -1.405597356417818133e-01
1.000000000000000000e+00 1.726646687172298744e+00 3.705246791488788105e+00
1.000000000000000000e+00 1.830934378331228851e+00 1.982564929207212501e+00
1.000000000000000000e+00 1.448003637807798061e+00 3.495963753540975993e-01
1.000000000000000000e+00 1.220204276960351164e+00 2.354373368822881840e-01
1.000000000000000000e+00 5.565194117052054690e-01 -1.574991044618689884e-02
1.000000000000000000e+00 1.877327809029915029e+00 2.159975144459953977e+00
1.000000000000000000e+00 1.513106543423439421e+00 1.408072575385427960e+00
1.000000000000000000e+00 8.189410791237532461e-01 1.638647760409958298e+00
1.000000000000000000e+00 2.252150240270470949e+00 3.013757018763863371e+00
1.000000000000000000e+00 9.849648027699430264e-01 1.472149542475417405e+00
1.000000000000000000e+00 9.736539876771838076e-01 6.479475412142146062e-01
1.000000000000000000e+00 7.915740210859090187e-01 1.840495788126435883e+00
1.000000000000000000e+00 1.679325112077621585e+00 3.822836845888766266e+00
1.000000000000000000e+00 1.288085704383902907e+00 3.018361842562728103e+00
1.000000000000000000e+00 1.585592934604284743e+00 3.523292421675233932e+00
1.000000000000000000e+00 1.420387890558384214e+00 3.658844413632591497e-01
1.000000000000000000e+00 1.690557387100301012e+00 1.421985090787510009e+00
1.000000000000000000e+00 1.033735006791598465e+00 2.897890779442069409e-01
1.000000000000000000e+00 1.586890776772638567e+00 2.123770182130464423e+00
1.000000000000000000e+00 1.906432573407927045e+00 1.097862251404849943e+00
1.000000000000000000e+00 1.776461163226147333e+00 7.759892411496278619e-01
1.000000000000000000e+00 2.065524472577062731e+00 1.629400512569000092e+00
1.000000000000000000e+00 2.547198997908864726e+00 4.683656579541880305e+00
1.000000000000000000e+00 1.727962885153927708e+00 1.216008236040686086e+00
1.000000000000000000e+00 1.601045642451520701e+00 2.179606857982203660e+00
1.000000000000000000e+00 1.140019313646410959e+00 9.049110515706155766e-01
1.000000000000000000e+00 1.593606079987643698e+00 -1.069556889165692581e-01
1.000000000000000000e+00 1.317970556125359849e+00 3.187830702741671907e-01
1.000000000000000000e+00 1.452336470889701969e+00 3.661939629735013746e+00
1.000000000000000000e+00 1.127735416804611868e+00 2.114155918893241282e-01
1.000000000000000000e+00 8.008757902272376494e-01 -2.117132421334879666e-01
1.000000000000000000e+00 1.914348604062112047e+00 2.150179349732149081e+00
1.000000000000000000e+00 1.549488452189491383e+00 4.225455832077253504e+00
1.000000000000000000e+00 1.757054682225307030e+00 2.498415555624442952e+00
1.000000000000000000e+00 1.290560183232587477e+00 2.265594015042720510e+00
1.000000000000000000e+00 1.649359335882791155e+00 3.514980621195470167e+00
1.000000000000000000e+00 1.642765456765924892e+00 2.285034523873442858e+00
1.000000000000000000e+00 1.579506064238174856e+00 3.399471632342129457e+00
1.000000000000000000e+00 1.042582171451204465e+00 3.411474640992420149e+00
1.000000000000000000e+00 1.081487196153890329e+00 9.169036648074468943e-01
1.000000000000000000e+00 2.424094231942886868e+00 2.112852015735336320e+00
1.000000000000000000e+00 1.567283454162934131e+00 6.944347261613847966e-01
1.000000000000000000e+00 1.597284752323047563e+00 2.015541560078559780e+00
1.000000000000000000e+00 1.523444851708183556e+00 2.043999792047148656e+00
1.000000000000000000e+00 1.277055926687533205e+00 4.106098861239400044e+00
1.000000000000000000e+00 1.438944631972520538e+00 3.455298791629481947e+00
1.000000000000000000e+00 2.138663935497320256e+00 3.766469849835350381e+00
1.000000000000000000e+00 2.051902951490709448e+00 2.576761485188722389e+00
1.000000000000000000e+00 1.804441803621934071e+00 2.733555597745357613e+00
1.000000000000000000e+00 1.720295213071923346e+00 2.486941253440662525e+00
1.000000000000000000e+00 1.022331122956519511e+00 5.251721855502327063e-01
1.000000000000000000e+00 1.789032744947309350e+00 1.650626374699170507e+00
1.000000000000000000e+00 1.269830905290509238e+00 1.279460208014671085e+00
1.000000000000000000e+00 1.606904031047677872e+00 2.655885285709245203e+00
1.000000000000000000e+00 2.542071370293333743e+00 3.711620616516452031e+00
1.000000000000000000e+00 1.549497141417917057e+00 2.539132851421407544e+00
1.000000000000000000e+00 1.434835152360930399e+00 4.246979757812651357e+00
1.000000000000000000e+00 1.990808121469044956e+00 3.239799384984255237e+00
1.000000000000000000e+00 1.456662768375355466e+00 2.213168628586863029e+00
1.000000000000000000e+00 1.120290954430392727e+00 2.907178818747768734e+00
1.000000000000000000e+00 1.985459320403454075e+00 2.750008213153162018e+00
1.000000000000000000e+00 9.964743467207757277e-01 9.830201182206237398e-01
1.000000000000000000e+00 1.040451855118613711e+00 2.323284105417653844e+00
1.000000000000000000e+00 1.662150273122261712e+00 3.822209636493987261e+00
1.000000000000000000e+00 1.459979065588536296e+00 7.008325910958337346e-01
1.000000000000000000e+00 2.066144277435517207e+00 1.599238016447353861e+00
1.000000000000000000e+00 3.200057557596411861e-01 -3.116741275719435045e+00
1.000000000000000000e+00 1.101017027165026585e+00 2.701484557513091023e+00
1.000000000000000000e+00 1.133518108985464901e+00 5.692794894206492096e+00
1.000000000000000000e+00 1.846195646507742261e+00 1.041290302479403351e+00
1.000000000000000000e+00 9.039079428057066323e-01 -5.650091804481744973e-01
1.000000000000000000e+00 1.578895300073342334e+00 3.936874846268386463e+00
1.000000000000000000e+00 2.090107695527686715e+00 1.179460885539129977e+00
1.000000000000000000e+00 1.440783966004614891e+00 2.188079775122223847e+00
1.000000000000000000e+00 9.553149201835658966e-01 -1.193416996447908218e+00
1.000000000000000000e+00 1.924094943494652155e+00 3.364189149823476832e+00
1.000000000000000000e+00 1.482398540038105228e+00 1.772158600324461375e+00
1.000000000000000000e+00 9.831918265695536174e-01 1.620292085088661960e+00
1.000000000000000000e+00 5.675031005377675353e-01 -4.244604597323768935e-01
1.000000000000000000e+00 1.798379792343079320e+00 1.790268026303782234e+00
1.000000000000000000e+00 1.791737176934428577e+00 1.336913011350091107e+00
1.000000000000000000e+00 2.017685024941874961e+00 3.752869059776315463e+00
1.000000000000000000e+00 1.070560082030245885e+00 2.501948163044390050e+00
1.000000000000000000e+00 9.910380643098720688e-01 1.253676207478590765e+00
1.000000000000000000e+00 1.734445263744045507e+00 2.518041864089575643e+00
1.000000000000000000e+00 1.320444115455073009e+00 1.318526138883983290e+00
1.000000000000000000e+00 1.776891485659251924e+00 7.239578988886343769e-01
1.000000000000000000e+00 2.099097646073533774e+00 4.056136545939631688e+00
1.000000000000000000e+00 2.096415719515832166e+00 4.267296209539240159e+00
1.000000000000000000e+00 1.600200224918100433e+00 2.555447498730979650e+00
1.000000000000000000e+00 2.171378751302039944e+00 3.405191948614679553e+00
1.000000000000000000e+00 1.529115354045597064e+00 3.480510469215031044e+00
1.000000000000000000e+00 1.922822161701063015e+00 4.112491226528095289e+00
1.000000000000000000e+00 1.466031470939268555e+00 1.677372178144710180e+00
1.000000000000000000e+00 7.934595570770727191e-01 -2.723998994057184042e-01
1.000000000000000000e+00 1.124801881136586967e+00 1.155746955176156110e+00
1.000000000000000000e+00 1.951342270332262929e+00 2.990437457641021979e+00
1.000000000000000000e+00 3.412898664399632853e-01 1.395953605753791127e+00
1.000000000000000000e+00 1.250689342094162715e+00 3.565441624453375979e+00
1.000000000000000000e+00 1.685700784137838637e+00 4.245234577903989504e+00
1.000000000000000000e+00 1.418987260687511576e+00 1.637178738548027646e+00
1.000000000000000000e+00 4.850954514609702173e-01 1.450099475237558000e+00
1.000000000000000000e+00 1.462447119023005282e+00 3.662714629961192792e+00
1.000000000000000000e+00 1.729931991531747926e+00 2.849279390030868608e+00
1.000000000000000000e+00 1.257613077819049963e+00 -8.893258075706409471e-01
1.000000000000000000e+00 1.878707155066297485e+00 4.095528736534269854e+00
1.000000000000000000e+00 1.260749969937494219e+00 2.515021432112760635e+00
1.000000000000000000e+00 1.852274526161525880e+00 2.858573985552169905e+00
1.000000000000000000e+00 1.909584919499761169e+00 3.107812518990734851e+00
1.000000000000000000e+00 1.045325795440186667e+00 2.042383134665665345e+00
1.000000000000000000e+00 1.468065145877625266e+00 -4.184484809869370991e-02
1.000000000000000000e+00 1.757977511281135330e+00 4.640256828060239869e+00
1.000000000000000000e+00 1.745662034652312844e+00 2.878443515680522147e-01
1.000000000000000000e+00 1.185658345167549088e+00 3.869937249400402735e+00
1.000000000000000000e+00 1.888845298577615184e+00 2.006378150575503838e+00
1.000000000000000000e+00 8.429678479109141698e-01 1.444864021137104437e+00
1.000000000000000000e+00 2.108402329488753502e+00 2.474167375089917797e+00
1.000000000000000000e+00 2.132146129219498309e+00 2.758068540124093637e+00
1.000000000000000000e+00 1.612756831867772522e+00 2.580683420096396397e+00
1.000000000000000000e+00 1.592024298205540811e+00 1.372380386644804329e+00
1.000000000000000000e+00 1.344558015728978706e+00 1.904476787868947918e+00
1.000000000000000000e+00 1.703756221225705803e+00 1.956909805492663912e+00
1.000000000000000000e+00 2.090898596677155830e+00 4.403812429572821152e+00
1.000000000000000000e+00 9.690301262341183275e-01 1.568154243416214122e+00
1.000000000000000000e+00 1.502930410117408355e+00 1.189409262191858163e+00
1.000000000000000000e+00 1.107632845553096823e+00 2.634354360923485405e+00
1.000000000000000000e+00 1.446756352079623831e+00 1.924173091386742085e+00
1.000000000000000000e+00 1.688592099907857413e+00 4.909668900028800742e-01
1.000000000000000000e+00 1.624478605868573400e+00 3.544666414760173190e+00
1.000000000000000000e+00 1.484826334985284380e+00 1.322890260296243348e+00
1.000000000000000000e+00 8.088756027353328770e-01 6.191559766788770069e-01
1.000000000000000000e+00 1.754810342179296878e+00 3.800662283768153848e+00
1.000000000000000000e+00 1.529257891668591496e+00 2.623574298049657028e+00
1.000000000000000000e+00 1.477149131975928675e+00 3.416763285380016946e+00
1.000000000000000000e+00 1.428636790763330833e+00 2.023793838980267878e+00
1.000000000000000000e+00 1.435398010050906947e+00 7.043662307177833704e-01
1.000000000000000000e+00 7.641704410049964258e-01 2.518544821071870388e+00
1.000000000000000000e+00 1.284032154945186299e+00 3.340969404635520057e+00
1.000000000000000000e+00 1.010344448759386893e+00 6.443889044627852947e-01
1.000000000000000000e+00 1.792661827337276526e+00 4.145526727070576456e+00
1.000000000000000000e+00 2.100052762345717028e+00 4.592570998793240378e+00
1.000000000000000000e+00 5.760108802965827612e-01 -9.060208932354130162e-01
1.000000000000000000e+00 1.613874368774081969e+00 1.220394242080923286e+00
1.000000000000000000e+00 1.081775514351045242e+00 1.238554083272463302e+00
1.000000000000000000e+00 1.462359181438783740e+00 3.074605105831765162e+00
1.000000000000000000e+00 1.330764241546635418e+00 1.673686939063089074e+00
1.000000000000000000e+00 1.266747015248267383e+00 1.986104831759873957e+00
1.000000000000000000e+00 1.519307116268916458e+00 2.558631065944383387e+00
1.000000000000000000e+00 1.472359893704578093e+00 2.210870221006576486e+00
1.000000000000000000e+00 1.274152900989915294e+00 -4.201868295284612032e-01
1.000000000000000000e+00 1.763690292178870855e+00 4.284409923015129351e+00
1.000000000000000000e+00 1.789371532830150491e+00 2.389709378094630576e+00
1.000000000000000000e+00 1.842558089532246868e+00 2.456821156827413422e+00
1.000000000000000000e+00 1.805367428806196273e+00 2.128080230688896179e+00
1.000000000000000000e+00 1.560590862509951826e+00 1.933287575319086349e+00
1.000000000000000000e+00 1.253637491661856229e+00 3.122283244258946766e+00
1.000000000000000000e+00 9.797085263584457415e-01 3.439379979489340045e+00
1.000000000000000000e+00 1.506013716793968893e+00 2.314505723712376284e+00
1.000000000000000000e+00 1.314268497702681282e+00 2.567165480558257773e-01
1.000000000000000000e+00 1.594444632652976424e+00 3.403250455614238223e+00
1.000000000000000000e+00 1.097443853522801938e+00 2.775858904309120856e-01
1.000000000000000000e+00 9.705971175201981715e-01 3.857487997890891585e-01
1.000000000000000000e+00 6.582328428851865754e-01 2.071512136192662723e+00
1.000000000000000000e+00 1.165899331040143982e+00 1.433989711115442045e-01
1.000000000000000000e+00 8.106180711135184680e-01 2.638512836862144884e+00
1.000000000000000000e+00 1.323331997752333233e+00 1.127189876949412639e+00
1.000000000000000000e+00 1.414510789249334710e+00 2.095915254517070281e+00
1.000000000000000000e+00 1.664089222855161587e+00 4.031820071781688775e+00
1.000000000000000000e+00 2.683795602996167595e+00 2.560182843816550591e+00
1.000000000000000000e+00 1.050772478184816450e+00 2.074257381286995106e+00
1.000000000000000000e+00 2.000796576393821358e+00 1.132918252246872814e+00
1.000000000000000000e+00 1.652228703684853306e+00 2.481885906917681073e+00
1.000000000000000000e+00 2.211582865236007667e+00 5.568598513926103166e+00
1.000000000000000000e+00 1.475082735613882479e+00 3.465556517493992406e+00
1.000000000000000000e+00 7.195021401472724287e-01 1.168345908658496635e+00
1.000000000000000000e+00 1.757618971754911330e+00 3.037994992860375110e+00
1.000000000000000000e+00 2.157936202999937603e+00 3.155960218769726211e+00
1.000000000000000000e+00 1.118961124945805796e+00 2.328524140722537439e+00
1.000000000000000000e+00 5.688519623135915859e-01 -2.603260180211403707e+00
1.000000000000000000e+00 1.353177745019841227e+00 -4.539401691495648095e-01
1.000000000000000000e+00 1.099431634668776914e+00 1.467901935378304046e+00
1.000000000000000000e+00 1.775677981909485226e+00 3.665200057241970288e+00
1.000000000000000000e+00 1.916018195066254703e+00 3.833655101880067306e+00
1.000000000000000000e+00 1.371388473731129709e+00 2.206015368517091790e+00
1.000000000000000000e+00 1.661717262863118050e+00 1.840496590406849986e+00
1.000000000000000000e+00 1.419112778977938305e+00 -3.874213528892189728e-01
1.000000000000000000e+00 1.067448936113431612e+00 1.277459325983816063e+00
1.000000000000000000e+00 1.819446803271657531e+00 2.342315241770505985e+00
1.000000000000000000e+00 1.388753993568645484e+00 1.594046532088773116e+00
1.000000000000000000e+00 2.078337850630918471e+00 3.581096124624536081e+00
1.000000000000000000e+00 2.349177320617589437e+00 3.945333914778892392e+00
1.000000000000000000e+00 1.617789482072490737e+00 1.325497350233027838e+00
1.000000000000000000e+00 1.714629805607638335e+00 -1.979052133107930267e-01
1.000000000000000000e+00 1.259111632042938300e+00 -7.276790072703800405e-01
1.000000000000000000e+00 2.454098611856484702e+00 7.692279582376488900e-01
1.000000000000000000e+00 2.013705302711112033e+00 1.289794971277134383e+00
1.000000000000000000e+00 1.431909094100223268e+00 2.267551139652979053e-02
1.000000000000000000e+00 1.504012289009021952e+00 3.071807608067804285e+00
1.000000000000000000e+00 1.554803372806540462e+00 4.868288313123584565e+00
1.000000000000000000e+00 1.306233740010748878e+00 2.181565732005907865e+00
1.000000000000000000e+00 1.948382694691414674e+00 2.519473586801641130e+00
1.000000000000000000e+00 9.311573282160996445e-01 -1.750180385322224197e-01
1.000000000000000000e+00 1.430548926012684685e+00 -4.776679120075422169e-01
1.000000000000000000e+00 2.017035840882620334e+00 2.725093401962934259e+00
1.000000000000000000e+00 1.628932351137157397e+00 1.528421718495437620e+00
1.000000000000000000e+00 1.381893160315796898e+00 1.375467939036757681e+00
1.000000000000000000e+00 1.617297600891710374e+00 2.297598030084527121e+00
1.000000000000000000e+00 1.564426570690599538e+00 2.151060885422182878e+00
1.000000000000000000e+00 1.353076454910807858e+00 6.309591526001110395e-01
1.000000000000000000e+00 1.609466075128419771e+00 1.006258764341836809e+00
1.000000000000000000e+00 7.934031343484612142e-01 2.358940701180900046e+00
1.000000000000000000e+00 8.891564988962803451e-01 6.169249529010538691e-01
1.000000000000000000e+00 1.855536308987213223e+00 4.647743496392101825e+00
1.000000000000000000e+00 4.095978355929414949e-01 9.965293676754873875e-01
1.000000000000000000e+00 1.363913145600635257e+00 5.203382068357997881e-01
1.000000000000000000e+00 1.122894466375592426e+00 1.027386754800581947e+00
1.000000000000000000e+00 1.360139611966085793e+00 1.493910162916042506e+00
1.000000000000000000e+00 2.553862950526599729e-01 -4.970864111093158400e-01
1.000000000000000000e+00 1.210215862968655909e+00 2.884740004958118220e+00
1.000000000000000000e+00 1.828575367192501355e+00 2.958829429991671756e+00
1.000000000000000000e+00 1.544004255150402072e+00 1.334048402329259142e+00
1.000000000000000000e+00 1.053543824360841485e+00 2.161017150453171887e+00
1.000000000000000000e+00 1.686279777185962114e+00 1.473516273135879739e+00
1.000000000000000000e+00 1.019726260368343684e+00 3.361847238530630833e-01
1.000000000000000000e+00 1.212198901034351906e+00 6.136527959353987871e-01
1.000000000000000000e+00 1.536575459223795903e+00 3.146812977039118664e+00
1.000000000000000000e+00 1.908449942865687587e+00 9.328130141201593784e-01
1.000000000000000000e+00 7.865423497001700071e-01 3.379924181751367662e+00
1.000000000000000000e+00 4.210442596519108349e-01 -6.518468931402896516e-01
1.000000000000000000e+00 1.478492442171630783e+00 2.794297189117727953e+00
1.000000000000000000e+00 1.164685578854549819e+00 4.497709415137343125e-01
1.000000000000000000e+00 1.428520985259622789e+00 2.077190391157033300e+00
1.000000000000000000e+00 1.386607695647866123e+00 1.162083777770213100e+00
1.000000000000000000e+00 8.845256308102887877e-01 -1.538085558511238293e+00
1.000000000000000000e+00 6.406921118282798977e-01 -1.967868198451258710e+00
1.000000000000000000e+00 1.744548572308506795e+00 5.436038046375863075e+00
1.000000000000000000e+00 1.562040467746659722e+00 -1.671254641619652759e-01
1.000000000000000000e+00 2.397015005252946196e+00 3.805235732182701724e+00
1.000000000000000000e+00 1.633656258199545075e+00 2.981958846546557407e+00
1.000000000000000000e+00 1.718553873044200486e+00 1.024729675146408781e+00
1.000000000000000000e+00 1.960313522482718396e+00 2.730632141947850311e+00
1.000000000000000000e+00 1.513452490188472943e+00 -3.241352199546594370e-01
1.000000000000000000e+00 1.561366462071656525e+00 1.638445525048724649e+00
1.000000000000000000e+00 1.540193527403978857e+00 1.078636589845391791e+00
1.000000000000000000e+00 1.424466462937379552e+00 8.670533778842035577e-01
1.000000000000000000e+00 1.516572595117607225e+00 1.588844620000860353e+00
1.000000000000000000e+00 1.232205830857567186e+00 -1.747975012289351149e-01
1.000000000000000000e+00 2.001862076182327588e+00 3.585058118993791787e+00
1.000000000000000000e+00 1.776874721249229072e+00 2.772283715652958946e+00
1.000000000000000000e+00 1.685957505514498633e+00 2.796039214641839354e+00
1.000000000000000000e+00 1.718792623163966304e+00 3.565537409910861655e+00
1.000000000000000000e+00 1.433733339477034852e+00 9.883114327492381612e-01
1.000000000000000000e+00 1.874301311626885180e+00 3.044419139305627020e+00
1.000000000000000000e+00 1.045744529014453139e+00 1.933282575760669975e+00
1.000000000000000000e+00 1.376667304924775737e+00 9.727857813854221547e-01
1.000000000000000000e+00 1.696136945670400964e+00 7.752628000082457671e-01
1.000000000000000000e+00 1.491679821974595477e+00 2.888225325942503918e+00
1.000000000000000000e+00 2.158794061673480424e+00 3.764785441480434258e+00
1.000000000000000000e+00 1.315447000797172805e+00 2.868453330711414839e+00
1.000000000000000000e+00 5.172950720700959515e-01 -4.916852693581224010e-01
1.000000000000000000e+00 2.103402254695096563e+00 -1.374472202728158177e+00
1.000000000000000000e+00 1.404780404879553135e+00 1.222794251775151775e+00
1.000000000000000000e+00 1.502296581383620433e+00 2.528710132980807046e+00
1.000000000000000000e+00 1.258963558712292707e+00 1.542145795163272215e-01
1.000000000000000000e+00 2.344032908221927336e+00 2.732965371653439668e+00
1.000000000000000000e+00 1.803967495809127186e+00 1.509221841003421716e+00
1.000000000000000000e+00 1.713781488344857884e+00 9.955709337991351937e-01
1.000000000000000000e+00 1.345546238372573811e+00 4.558395798710742852e+00
1.000000000000000000e+00 1.773512823614429079e+00 4.272678988432238256e+00
1.000000000000000000e+00 1.478225138279279260e+00 1.095065091748197883e+00
1.000000000000000000e+00 2.566493994107871934e+00 3.417913714824380556e+00
1.000000000000000000e+00 1.030753078952923119e+00 8.443900558629868769e-03
1.000000000000000000e+00 1.955388037788806876e+00 3.468694148537399879e+00
1.000000000000000000e+00 6.409343156019672305e-01 1.549257782080244228e+00
1.000000000000000000e+00 7.672192921268965460e-01 -1.328849834475258618e-01
1.000000000000000000e+00 1.937615479719091205e+00 3.781118959913241540e+00
1.000000000000000000e+00 2.324037910615701641e+00 6.039969283291505064e+00
1.000000000000000000e+00 1.311077854415133803e+00 1.041867631906074232e+00
1.000000000000000000e+00 1.348182195713512055e+00 1.395362544560774687e+00
1.000000000000000000e+00 1.459162362310594263e+00 3.525875802542075554e+00
1.000000000000000000e+00 1.684647945107623501e+00 1.319625489771610871e+00
1.000000000000000000e+00 1.018798913372046755e+00 9.957505210120665140e-01
1.000000000000000000e+00 1.129329817010297887e+00 1.288144709939159860e+00
1.000000000000000000e+00 1.354888256128815138e+00 7.692855004767651383e-01
1.000000000000000000e+00 1.208524124723447279e+00 1.316501342602232505e+00
1.000000000000000000e+00 9.695957152469302232e-01 3.803899593137219703e+00
1.000000000000000000e+00 7.324682652770474478e-01 3.688672251618251963e+00
1.000000000000000000e+00 9.102423553866347827e-01 1.242865485304697870e+00
1.000000000000000000e+00 2.052488773605933847e+00 2.286941998406537557e-01
1.000000000000000000e+00 1.423624307531214717e+00 3.845306041464101376e+00
1.000000000000000000e+00 5.570446516883542643e-01 -2.677590329327950158e-02
1.000000000000000000e+00 1.420316572800053967e+00 -3.054633725671052069e-01
1.000000000000000000e+00 7.638187823768421980e-01 -1.185555600435978185e+00
1.000000000000000000e+00 1.452361878940975126e+00 1.224856141811939247e+00
1.000000000000000000e+00 2.101062448015117656e+00 2.505306677126528214e+00
1.000000000000000000e+00 2.146084008453669867e+00 4.499801531910831542e+00
1.000000000000000000e+00 1.591683550925205415e+00 2.988073050801694386e+00
1.000000000000000000e+00 4.532442728779562113e-01 -1.510863531009332128e+00
1.000000000000000000e+00 1.345558754897856923e+00 -5.090524846087745026e-01
1.000000000000000000e+00 1.238209959191281184e+00 1.775350161914456271e+00
1.000000000000000000e+00 1.653933451198918991e+00 4.347259370251444821e+00
1.000000000000000000e+00 1.426114059397972422e+00 2.965182380484077118e+00
1.000000000000000000e+00 1.502455427362183071e+00 7.859392975304804185e-01
1.000000000000000000e+00 1.617811648916881007e+00 2.282736275645395718e+00
1.000000000000000000e+00 9.774221865959600297e-01 1.669390279084859596e+00
1.000000000000000000e+00 2.159190396284422331e+00 1.929620638029269086e+00
1.000000000000000000e+00 1.693136357545017123e+00 4.311153029006109527e-02
1.000000000000000000e+00 5.936623487706438329e-01 2.731000354399730767e+00
1.000000000000000000e+00 1.245870888564069912e+00 3.348198283106744721e+00
1.000000000000000000e+00 1.330182868858672762e+00 9.705986054483117798e-01
1.000000000000000000e+00 1.877460258153332173e+00 4.050106234292937479e+00
1.000000000000000000e+00 9.519858801493599199e-01 8.200044844491674034e-01
1.000000000000000000e+00 2.037157765920639463e+00 2.903667156437395924e+00
1.000000000000000000e+00 8.696527671425506867e-01 1.996470350696650797e+00
1.000000000000000000e+00 1.355440672779821165e+00 2.192802675381830380e+00
1.000000000000000000e+00 1.540494302585640130e+00 2.266791184912693602e+00
1.000000000000000000e+00 1.474915929138230997e+00 1.699239073985696402e+00
1.000000000000000000e+00 1.552134921430090797e+00 1.101502147838435475e+00
1.000000000000000000e+00 1.599549533100679488e+00 3.105134046341565757e+00
1.000000000000000000e+00 1.490284121422897678e+00 2.569851655216099040e+00
1.000000000000000000e+00 1.532746409886960537e+00 3.024753922980467635e+00
1.000000000000000000e+00 1.156133273822576690e+00 1.271044270184087388e-01
1.000000000000000000e+00 1.616830172184582803e+00 9.451010797930590179e-01
1.000000000000000000e+00 1.740284281239395270e+00 2.841486336032050808e+00
1.000000000000000000e+00 1.623701941184072961e+00 9.220927660758881927e-01
1.000000000000000000e+00 3.296750400855783525e-01 6.169994137191787686e-01
1.000000000000000000e+00 9.077342282282866437e-01 2.684186065806359878e+00
1.000000000000000000e+00 1.619706441606188374e+00 2.924821281984536725e+00
1.000000000000000000e+00 8.652679174404448448e-01 1.428835229509678895e+00
1.000000000000000000e+00 2.194750796659166170e-01 5.412072658877131737e-02
1.000000000000000000e+00 1.591442221841312010e+00 -2.010542221049598233e-01
1.000000000000000000e+00 1.390526273962381154e+00 2.854433629895104296e+00
1.000000000000000000e+00 1.299599878162660094e+00 -1.034628791155434158e-02
1.000000000000000000e+00 1.616725652857814444e+00 2.618630837575279813e+00
1.000000000000000000e+00 1.163417253022811515e+00 5.393792962386334544e-02
1.000000000000000000e+00 1.171920472612709485e+00 1.354757903343030812e+00
1.000000000000000000e+00 1.328925490892868266e+00 1.176531339094513573e+00
1.000000000000000000e+00 1.000915816389438273e+00 1.452877360439547738e+00
1.000000000000000000e+00 3.064720703719027384e+00 4.509284792829397759e+00
1.000000000000000000e+00 1.105556008435629289e+00 1.282830285582096774e+00
1.000000000000000000e+00 1.281295111377308338e+00 -8.699446925527647423e-01
1.000000000000000000e+00 2.167372643845439928e+00 3.440270450018558357e+00
1.000000000000000000e+00 1.550754321438847283e+00 5.343633022987006598e-01
1.000000000000000000e+00 1.926242838556468273e+00 1.492730603025540503e+00
1.000000000000000000e+00 1.557239780139806573e+00 3.230043458265056788e+00
1.000000000000000000e+00 1.660905481621087310e+00 3.110619709879135719e+00
1.000000000000000000e+00 1.079694530768236849e+00 1.403239294515462365e+00
1.000000000000000000e+00 1.368502655336671481e+00 3.668356378991377564e-01
1.000000000000000000e+00 1.804413720644432395e+00 1.393986492085423023e+00
1.000000000000000000e+00 1.747497075483082973e+00 3.952647658946623288e+00
1.000000000000000000e+00 1.451156492912341944e+00 7.468816339455153219e-01
1.000000000000000000e+00 2.074660533055374234e+00 4.658686575949460007e+00
1.000000000000000000e+00 1.322075687294272717e+00 3.245459161682888283e+00
1.000000000000000000e+00 1.593892670381281462e+00 3.180566187244708853e-01
1.000000000000000000e+00 1.462181816457118089e+00 3.132013076322119005e+00
1.000000000000000000e+00 1.272071086849109189e+00 2.042368193764224849e+00
1.000000000000000000e+00 1.607965088860453085e+00 2.400714291930286848e+00
1.000000000000000000e+00 1.632681338565627138e+00 2.638207472105005724e+00
1.000000000000000000e+00 1.470558317809241178e+00 2.839962357599396192e+00
1.000000000000000000e+00 1.953362303182826443e+00 1.430054708364097316e+00
1.000000000000000000e+00 1.493191275733577017e+00 3.995467645317929417e+00
1.000000000000000000e+00 1.538945792048351580e+00 -7.127466065631558045e-01
1.000000000000000000e+00 1.467860139482918047e+00 -9.382165367439436743e-01
1.000000000000000000e+00 1.683051073384422169e+00 1.070575213138907245e+00
1.000000000000000000e+00 1.929133833218755978e+00 7.095680279461356044e-01
1.000000000000000000e+00 1.986783991564529117e+00 5.839349099337233895e+00
1.000000000000000000e+00 2.359777213092636217e+00 4.683878479613523993e+00
1.000000000000000000e+00 1.670546608239441344e+00 3.795236118522621993e+00
1.000000000000000000e+00 9.887593469757709475e-01 6.100909820831612596e-01
1.000000000000000000e+00 2.083608103459475558e+00 3.808130114038052572e+00
1.000000000000000000e+00 1.221567544903295000e+00 2.158403806553268467e+00
1.000000000000000000e+00 1.144824872931629045e+00 -5.042418735042630829e-01
1.000000000000000000e+00 1.629399411966203859e+00 1.855859248882844037e+00
1.000000000000000000e+00 1.571771427986425662e+00 3.991180785623231753e+00
1.000000000000000000e+00 1.631165741903387589e+00 2.383650818807777849e+00
1.000000000000000000e+00 1.886230471298158573e+00 3.696018156038209490e+00
1.000000000000000000e+00 1.599102908098628539e+00 3.860559000430425325e+00
1.000000000000000000e+00 1.248326032423217491e+00 1.123664539848296062e+00
1.000000000000000000e+00 1.719275850451381649e+00 1.105273808606229924e+00
1.000000000000000000e+00 2.045817465086468445e+00 3.775239132698004596e+00
1.000000000000000000e+00 1.101372416445273617e+00 1.555747991045740575e+00
1.000000000000000000e+00 1.668578741096542917e+00 2.973070421975406497e+00
1.000000000000000000e+00 1.838621959050019683e+00 3.153297332446569179e+00
1.000000000000000000e+00 8.648930623685918695e-01 -2.582857199691346750e+00
1.000000000000000000e+00 1.639711469062121285e+00 2.394704878287249095e+00
1.000000000000000000e+00 2.398863674546469760e+00 5.340486222732688582e+00
1.000000000000000000e+00 7.218336360196981882e-01 9.855282559721065816e-01
1.000000000000000000e+00 3.341996320670324039e-01 1.746953403944726979e+00
1.000000000000000000e+00 9.322826785647294612e-01 -4.690631711025194939e-01
1.000000000000000000e+00 1.275085921936752742e+00 2.023602208212348152e+00
1.000000000000000000e+00 1.583375573881704135e+00 3.400190477127365440e+00
1.000000000000000000e+00 8.304012257286180754e-01 -5.293836165687464401e-01
1.000000000000000000e+00 1.928004637253398323e+00 3.123313658156565698e+00
1.000000000000000000e+00 2.049467144593658752e+00 4.386055449274107509e+00
1.000000000000000000e+00 2.245983024753995139e+00 4.484334032408751725e+00
1.000000000000000000e+00 1.641947609806928998e+00 7.819544832924891775e-01
1.000000000000000000e+00 1.867055294969570234e+00 2.120513578004487254e+00
1.000000000000000000e+00 1.393659450177329173e+00 2.056902260273330452e+00
1.000000000000000000e+00 8.016245149592639008e-01 7.837190937670632795e-01
1.000000000000000000e+00 1.617886408291501876e+00 3.281993938309541559e+00
1.000000000000000000e+00 1.879172492941639572e+00 1.556321431130235800e+00
1.000000000000000000e+00 1.797568765079283315e+00 2.043669716236986567e+00
1.000000000000000000e+00 1.678701451651479326e+00 3.399070064399780211e+00
1.000000000000000000e+00 1.920349939927317173e+00 3.756922580978696580e+00
1.000000000000000000e+00 2.016902104641731697e+00 8.654082903623887546e-01
1.000000000000000000e+00 1.324316309870288588e+00 -1.650373769016219239e+00
1.000000000000000000e+00 9.045991489509485062e-01 2.336658530870354245e+00
1.000000000000000000e+00 1.733307589648815483e+00 5.115684721698842807e+00
1.000000000000000000e+00 1.412497630761745615e+00 3.286764306081231268e+00
1.000000000000000000e+00 1.053836638694333860e+00 3.794128615308387520e-01
1.000000000000000000e+00 1.686157835533215410e+00 1.243621507461487585e-01
1.000000000000000000e+00 1.719830694319409936e+00 3.028044080037640029e+00
1.000000000000000000e+00 1.854595826170919226e+00 3.740257033122933450e-01
1.000000000000000000e+00 1.228021822289279807e+00 3.859797504979156635e+00
1.000000000000000000e+00 1.721447186471849689e+00 5.962324008976696010e-01
1.000000000000000000e+00 2.289705219481920295e+00 2.733375158839055796e+00
1.000000000000000000e+00 1.680455219871128669e+00 9.628583187887000960e-01
1.000000000000000000e+00 1.973831760271752112e+00 1.283179535413395467e+00
1.000000000000000000e+00 1.043661013029954843e+00 -1.102796905545208261e+00
1.000000000000000000e+00 1.996868552533466179e+00 2.710245193233866257e+00
1.000000000000000000e+00 1.596655534500730944e+00 6.116206300570108390e-01
1.000000000000000000e+00 1.039828092717692831e+00 3.862782057220613297e+00
1.000000000000000000e+00 1.442644492432331615e+00 6.571907479081802173e-01
1.000000000000000000e+00 1.303273770977336987e+00 -5.918597865241359557e-02
1.000000000000000000e+00 2.062118617177369106e+00 3.052789934632544444e+00
1.000000000000000000e+00 1.779975273917208334e+00 4.000469749822661569e+00
1.000000000000000000e+00 9.208896928834992002e-01 2.063111388535071367e+00
1.000000000000000000e+00 1.966476578257892127e+00 3.111067136050806869e+00
1.000000000000000000e+00 8.801108293006287830e-01 7.475857029753936178e-01
1.000000000000000000e+00 1.594534708522775679e+00 2.594806435931714450e+00
1.000000000000000000e+00 1.238749783687127959e+00 8.441832999371221558e-01
1.000000000000000000e+00 1.537241340292051506e+00 4.032006244297559050e-02
1.000000000000000000e+00 2.200892473578336173e+00 1.622570018350694365e+00
1.000000000000000000e+00 1.227290454770576522e+00 -3.265676475174656979e-01
1.000000000000000000e+00 1.238304027076472691e+00 1.787103683988854552e+00
1.000000000000000000e+00 1.998718043060649485e+00 4.319577597413363002e+00
1.000000000000000000e+00 1.375957648133135258e+00 8.279814869236863384e-01
1.000000000000000000e+00 1.454746180124772081e+00 2.116642306407559904e+00
1.000000000000000000e+00 1.252586095893284623e+00 2.657104125492836921e+00
1.000000000000000000e+00 1.809016829640077928e+00 2.319151187955689419e+00
1.000000000000000000e+00 1.665599831025817323e+00 2.705835168620803977e+00
1.000000000000000000e+00 1.255511924052945538e+00 2.375901909199751305e+00
1.000000000000000000e+00 1.005806847258606584e+00 1.687405994523663022e+00
1.000000000000000000e+00 1.758275514899396041e+00 5.422420582151389112e+00
1.000000000000000000e+00 1.574838969528509658e+00 1.116349108387278299e+00
1.000000000000000000e+00 1.337223254380814685e+00 3.156182534207921275e+00
1.000000000000000000e+00 1.910061863390549064e+00 3.443240345859598150e+00
1.000000000000000000e+00 1.237948710518500084e+00 1.063378833225774311e+00
1.000000000000000000e+00 1.530100944415920816e+00 1.894329196206441468e+00
1.000000000000000000e+00 1.530354099614401830e+00 2.925128526976927379e+00
1.000000000000000000e+00 2.136959566631192242e+00 3.981923155798836156e+00
1.000000000000000000e+00 1.780162466211778094e+00 2.265716504093114647e+00
1.000000000000000000e+00 1.495966518592114047e+00 1.694993810242888532e+00
1.000000000000000000e+00 7.660489899682635384e-01 -1.105833970944775313e+00
1.000000000000000000e+00 1.810322292763834051e+00 2.080131288935723965e+00
1.000000000000000000e+00 1.863095447847467945e+00 2.773688015619263147e+00
1.000000000000000000e+00 1.403807916634161490e+00 -1.252959807111606594e-01
1.000000000000000000e+00 8.080049271643044984e-01 1.810483521691345965e+00
1.000000000000000000e+00 2.043824318947547347e+00 1.303715270054065511e+00
1.000000000000000000e+00 1.817163426938398052e+00 2.585644684377443880e-01
1.000000000000000000e+00 9.560846309203584470e-01 2.631278811505833204e+00
1.000000000000000000e+00 2.428408977881609587e+00 3.045241604845908778e+00
1.000000000000000000e+00 1.503082354646099628e+00 -9.843412805360518547e-02
1.000000000000000000e+00 1.144426186153277403e+00 4.103786843380284211e+00
1.000000000000000000e+00 1.275648731631755295e+00 1.149951322601369785e+00
1.000000000000000000e+00 1.456128180003292139e+00 1.293433013492912620e+00
1.000000000000000000e+00 1.677651191469663683e+00 1.790537101338646409e+00
1.000000000000000000e+00 1.422034147743432841e+00 1.952216630626720795e+00
1.000000000000000000e+00 1.105889546779164290e+00 2.643396031100368138e+00
1.000000000000000000e+00 1.795247114634405339e+00 4.554621842392088560e+00
1.000000000000000000e+00 5.781456569566787440e-01 2.837040535501778038e-02
1.000000000000000000e+00 1.061162424799829473e+00 1.526397922475594804e+00
1.000000000000000000e+00 1.674729957660213930e+00 2.504176120971995267e+00
1.000000000000000000e+00 2.288835773633726145e+00 1.811761662340818146e+00
1.000000000000000000e+00 2.109821271478676152e+00 3.289655560188516681e+00
1.000000000000000000e+00 1.962391570240139327e+00 4.156770662101617830e+00
1.000000000000000000e+00 1.136803238962027285e+00 2.540930835363805596e+00
1.000000000000000000e+00 2.083088649244266399e+00 3.519695327214281910e+00
1.000000000000000000e+00 1.257910597489617865e+00 1.650348516851549929e+00
1.000000000000000000e+00 7.188760546037998855e-01 1.535345420540157768e+00
1.000000000000000000e+00 1.802952344526160822e+00 4.221079852964228607e+00
1.000000000000000000e+00 1.834129466949756759e+00 2.350290312721885044e+00
1.000000000000000000e+00 1.895119187358887070e+00 4.197879376128527795e+00
1.000000000000000000e+00 1.439171840795993695e+00 2.472769144305230427e+00
1.000000000000000000e+00 1.053512666071087400e+00 9.645466981593595612e-01
1.000000000000000000e+00 1.102395428114992804e+00 -2.854174966593170382e-02
1.000000000000000000e+00 2.283964915391118566e+00 1.702019265727280128e+00
1.000000000000000000e+00 2.338487490765396082e+00 2.964963313701729941e+00
1.000000000000000000e+00 1.738131538188365077e+00 1.957306753704899593e+00
1.000000000000000000e+00 1.778111288042643068e+00 2.480106991180455633e+00
1.000000000000000000e+00 1.318096512968146783e+00 2.816408543598891701e-01
1.000000000000000000e+00 1.143028408079028502e+00 2.195552514899481888e+00
1.000000000000000000e+00 1.307440040795570635e+00 1.337681999003964339e+00
1.000000000000000000e+00 1.043476464751402766e+00 1.234951453941921073e+00
1.000000000000000000e+00 1.880383099350851683e+00 1.664441966366509096e+00
1.000000000000000000e+00 1.314216294239585192e+00 3.562113973696361402e-01
1.000000000000000000e+00 5.011611578447330295e-01 1.849805006303684163e+00
1.000000000000000000e+00 1.916572708535074776e+00 1.053113941700402290e+00
1.000000000000000000e+00 1.775921812943759281e+00 4.840384542551780633e+00
1.000000000000000000e+00 1.408789802508813027e+00 7.144693808990432160e-02
1.000000000000000000e+00 1.081019796334348637e+00 1.640941732933445252e+00
1.000000000000000000e+00 1.875858603752631248e+00 2.773112741768996248e+00
1.000000000000000000e+00 1.068813213938191620e+00 -3.886246533978985340e-01
1.000000000000000000e+00 1.067068215903397066e+00 1.855618705564080706e+00
1.000000000000000000e+00 2.044219611866068931e+00 4.209209495945200885e+00
1.000000000000000000e+00 1.773462276954753003e+00 3.542156417719547257e+00
1.000000000000000000e+00 1.220733025345146494e+00 3.636613273723806827e+00
1.000000000000000000e+00 1.107772144598506481e+00 1.625893126809055289e+00
1.000000000000000000e+00 1.461093258167398989e+00 5.588985401423589572e-01
1.000000000000000000e+00 9.352211202275307889e-01 2.900369099977558207e+00
