5.086070884156312227e-02
1.994223001149087737e-01
3.897097795904064244e-02
1.110477134348028007e-02
1.283651159420996432e-02
4.266440169536278061e-03
1.235455159114281750e-03
5.410381186307678184e-03
3.156948414951028532e-03
5.463660806293219735e-02
1.739894843100965940e-02
3.156523244101507291e-03
4.689518451849305353e-02
4.159382805412664696e-01
8.393195127475888348e-03
1.560830905720162528e-03
4.152483109377244630e-02
1.028937303347061423e-04
1.088977028511924246e-03
5.723037614819532354e-02
6.889669316550418472e-06
2.588124655482344771e-02
3.684838128231971116e-04
2.611943024407500143e-03
1.772460889672787651e-04
3.146801736158705981e-02
4.993068589686067800e-04
7.834249278125768670e-03
6.786833647088577094e-03
4.543266035878032461e-02
8.892589605998583134e-04
1.884706430783440701e-03
4.881345246686458889e-02
5.405829013043074422e-05
7.004544495905852325e-04
9.946124719992654615e-05
6.498034921060704891e-03
1.343719656985386257e-01
3.800179946488057084e-03
1.736768227123411390e-02
7.906374851887958480e-03
1.864901285814684012e-04
8.190192627532469349e-04
1.642033978114446763e-02
7.809697944696743568e-04
7.552086686441060633e-04
6.893436252769444272e-02
1.373840673760241913e-03
3.047116122186380258e-04
2.734549801708094710e-02
4.444530866110232292e-01
7.350406090701468338e-03
7.886206840350634770e-04
2.046255121216444817e-01
7.996457678135956981e-02
9.429485639209946295e-04
6.103522588719434427e-03
5.692257447246776118e-03
1.278229222824776401e-04
3.106721400575139253e-03
5.231615247651733871e-05
8.518982944287533179e-04
1.412790798014533283e-03
1.773157746357000367e-02
1.490963844318656645e-04
1.544131743315845517e-01
2.553907212773729851e-04
9.046240939103738663e-04
3.961914201191477948e-03
3.233546040445382189e-03
2.420662637226928416e-03
1.259089176563188590e-02
5.396851829321606649e-04
2.993473907082870936e-02
8.990955018046115077e-02
2.128598856844794273e-04
2.524657008417630988e-04
1.841601738805631041e-04
2.253261097991405681e-03
4.471192370431914531e-02
4.705803838756980606e-01
2.169734667596204258e-02
8.343494600374822467e-05
6.371764752081155196e-04
5.098536356029872876e-05
1.182386364638032339e-03
2.674965142896409617e-02
1.839706586787634305e-04
1.533904885301935273e-03
6.353026272521096517e-04
5.126167088681957834e-02
8.809747046005396431e-02
1.877052625871291301e-04
8.040574809858953755e-04
6.805290409049480349e-01
1.262754546822851820e-01
2.614149117065715810e-04
4.468411952065761555e-03
4.100064085397407514e-04
3.299388319727376145e-02
1.332199328118975840e-03
2.235138760956635259e-02
5.306573100394190723e-02
2.193537472952489849e-03
5.698021054586984400e-03
8.896707281447986454e-04
1.385274204017027371e-03
1.444770946688099338e-04
1.148422638303430061e-02
6.816259377128187913e-04
9.528432023657589650e-03
6.645113951378686678e-05
6.417847408042327969e-04
2.925723294229342145e-03
1.819165532734674234e-05
1.615660824280443480e-03
3.615487447814996758e-02
6.712387993345440636e-06
3.055626231634513308e-03
1.164453292445735005e-01
9.077621506952794162e-05
5.542723478710670981e-04
1.061605979116257660e-03
2.534130222489306902e-02
1.823506454123940621e-02
1.495704015847262001e-02
8.654970850578131911e-03
9.587977274561773622e-02
4.626240595135934020e-04
5.713784582970309577e-03
1.605089906192139855e-03
1.770536981306053198e-03
2.071125120046097834e-01
4.723004181295719153e-03
8.225421549868883403e-04
1.443928445900970019e-02
2.561150901925141120e-04
5.202524085841169280e-03
3.268945389105227790e-05
3.884178667864418349e-04
3.263809318909377641e-04
1.347694783132928967e-02
5.153030198256879080e-03
2.619468312166315163e-03
2.471721676811161551e-04
1.494086844748072267e-04
1.521963477831041970e-03
3.779281065086383985e-03
4.139926234301472582e-04
8.020189275677843885e-03
8.331739110350382810e-03
2.062704342472432075e-05
5.229326871314468345e-04
4.411110819068049998e-05
2.491591614532885079e-01
2.049904820783595219e-02
1.988681211316616071e-03
6.432730910181618207e-06
1.478322390756839876e-03
1.256168815367754432e-03
1.258366414356606455e-01
3.728992120849911117e-04
7.230848243849205483e-05
6.605272809763901472e-03
1.139458461689801068e-03
3.830319939344742353e-01
7.439045920065749315e-04
1.110771816309990721e-03
1.248396785059623950e-05
3.493259261654630549e-03
3.570819182769023256e-03
3.348964306780138032e-03
1.712103761497811016e-01
1.960841705840833324e-03
1.296428914161432966e-01
8.698607168025435099e-02
1.038520917177611497e-01
2.449654731501512209e-02
3.048689647039648856e-02
4.273630717666024315e-03
4.900064820875731086e-03
1.922071926982708845e-02
1.379846109925360158e-02
1.963241238336109213e-03
1.689076778800250034e-01
6.639386908124797959e-04
1.128602407698240274e-04
1.432044259692474841e-02
8.456458490867736679e-04
1.610412952484474190e-03
4.994528408500532017e-05
1.995474890791431623e-03
6.793729945494813172e-04
2.307637426752209224e-04
6.753714564662273434e-02
8.580035369232778429e-05
4.757938351602176920e-04
7.034425980325532957e-02
1.250545172756035717e-01
2.227515343199943168e-02
1.253838152286934453e-02
6.242815149240924823e-03
2.740026709829561456e-03
1.515478927329753922e-02
7.715757850965903816e-03
5.644590791312753542e-02
7.829079150247739149e-02
3.171245207965091295e-02
7.215391649825589858e-03
4.907742144439043719e-03
6.559085081969530211e-04
5.086405162752491367e-05
5.319983116553379278e-03
2.985917726705023326e-02
1.958101647776011589e-02
9.022974948316067612e-03
8.701562456410398549e-03
1.188683478361219183e-03
1.296612272459933459e-03
1.127055032774544191e-01
4.640546365046584708e-03
1.987825121841607038e-03
5.009493840773947271e-03
3.467887112985004066e-04
6.062849846450037855e-02
5.122754482912601076e-02
4.616816614178326228e-02
2.783389300657439312e-03
2.158588933171023006e-03
1.892796656031628735e-03
3.156445691313476687e-02
1.503117523653501805e-02
4.140163262039578060e-03
5.694389864615319666e-03
3.411150457691582844e-02
2.671288923050661474e-03
7.388770992310168297e-03
4.006718251315684320e-02
1.112330486634580118e-02
5.390373488793897698e-05
1.454707320299506411e-02
8.041818460460351328e-03
1.804702286090708891e-03
5.548615965549280084e-03
1.398138809198932672e-02
8.392882687760678806e-01
1.881825805296134455e-02
5.372552353396637531e-02
2.850992814081843019e-02
1.452258635068366492e-02
8.081315156131686078e-03
1.434574068328970664e-01
2.210006955667650520e-04
2.634182254182756977e-04
1.774896296750005410e-03
1.019876449513118684e-02
1.873269541046402448e-02
4.732112362932705714e-03
2.710494841357450973e-04
1.574098786683044674e-05
4.275868076029115672e-03
1.195137414153142098e-02
8.707176885855200024e-05
5.074819610704913581e-02
1.871539191742730562e-02
2.077776953198391240e-03
3.891071468213405399e-04
9.041103493069654884e-02
2.176470480868274854e-02
1.782319694536570708e-03
9.850060284105658162e-03
1.565464356949765887e-03
9.306448428255423245e-04
4.125759118790841423e-03
9.418738194927408916e-04
7.042042073256290884e-03
1.078411990347782207e-02
9.620967503409338928e-02
1.311344676224083571e-05
1.503848604123057646e-02
1.189636473037787995e-01
1.685298374471948246e-02
9.175940072652865112e-03
8.813107901963067314e-03
1.359482132874633743e-02
6.456750105280508302e-04
2.013759558495985258e-01
1.944395254847507137e-02
2.599053797555218870e-02
2.367511337171362539e-03
2.187864697952347261e-04
3.621142616218112607e-04
2.008179322915440088e-02
3.631171636883034036e-03
3.373919754308123131e-02
7.121312041668883814e-05
5.334316903574577023e-02
1.199174832616801414e-04
1.975091625945884968e-03
1.813038985581918918e-03
1.979395601116837322e-02
9.472428508335190012e-02
1.013946960490766293e-03
4.412821775190103012e-03
9.665582599984874320e-04
7.142184267184477115e-05
1.293153061920635470e-02
3.327559861674920117e-03
2.216713918202085909e-03
6.919730544849654998e-04
3.716636060343119635e-02
1.663194192109753453e-04
1.841156637064589666e-02
1.992265584285680957e-02
3.339198372120634689e-05
3.050529941347478874e-03
4.014869608474501417e-02
1.388827156601785823e-03
1.431015347555654693e-05
5.123783068244680333e-04
7.918878157129662435e-03
5.874811538050996734e-04
1.414704697251429888e-01
8.131592497823379728e-04
5.441972312329063435e-03
5.147732216243197309e-03
3.483653623369769615e-03
9.555001704222732136e-05
2.502450160579802307e-03
3.363850682335291914e-02
2.745583627860678170e-03
2.729328366067344455e-04
1.437360064135532328e-02
1.627978894616851117e-04
2.192897089045315814e-02
9.308711609702643996e-02
1.545613645061128471e-04
4.246955730178526216e-05
1.695711923979006663e-01
1.139825583472360432e-01
2.396810041349753935e-05
3.309982210311132708e-04
3.305672994629198919e-02
1.574385964935211572e-03
7.043047904144718319e-02
4.548099558133042453e-02
8.778122626433262909e-02
1.098768502178781303e-01
8.491100793154839066e-02
1.520248992449327839e-02
1.221060176601230379e-04
2.877060563547032684e-02
6.359768020988359831e-05
5.129512745412156613e-03
6.454496113547110170e-01
1.238791132185355567e-02
3.943873224623790641e-01
5.851200384203203084e-03
1.548702719578251910e-02
5.018014325935064491e-06
2.415777099543335910e-05
5.169801465745050423e-02
8.551117026762299345e-01
1.770422775563656459e-01
6.034502218445890898e-04
2.106146939781103019e-04
3.288615072787400180e-04
4.722182652488296495e-02
7.288668822432389782e-02
3.897004776513905396e-04
4.261156068281404113e-02
4.166042704951571952e-03
2.726392997171934729e-01
1.461316432751602856e-05
8.979195182621024568e-04
1.058619944010221186e-04
3.017374779457029921e-02
8.806034358866643777e-03
1.734991659752459442e-03
9.612989515994251055e-02
3.038341812360765073e-02
3.318015912042708180e-04
4.250571621746859069e-02
2.384993559838502995e-03
5.285486136042523431e-02
9.588678431507325906e-01
1.749630507685872357e-03
3.176444910157221781e-04
2.190707443118472819e-01
6.079113367118289535e-01
1.366524857079491184e-03
3.460795170641278468e-04
1.486960551559173525e-02
2.445480737315143711e-03
6.890229230953501217e-04
5.926521720527632570e-02
4.069445217737612322e-03
7.831528680955121210e-03
7.270887353307678436e-03
9.850359586340978746e-03
6.557397658830012299e-02
5.179266896766217959e-02
8.585632600699827875e-05
4.454771328134783724e-04
1.385010665116623828e-04
1.842994563320107804e-02
1.628835906657385285e-02
3.466215951744218079e-03
5.094875010864025056e-02
3.474664276028294196e-02
1.778869457741544735e-03
9.298444451462061638e-03
9.524814043244023143e-02
9.818508972577436218e-04
1.078440759429153415e-03
1.495936547349761142e-02
5.129828224889117910e-02
1.125466968556867835e-03
5.142939374342036553e-03
8.873799980166003406e-04
1.002645437936057482e-02
5.133987204595700203e-04
2.696577621232770870e-03
1.237195776541427802e-04
5.100012818910556892e-04
5.697571235539876247e-04
9.918164949714905823e-03
2.141370367665852703e-03
1.800664880105968787e-03
3.000661678915290120e-01
5.640856248804437811e-01
7.753304374520437157e-03
1.132747323573532113e-05
4.775736669573290953e-03
6.037017891228414410e-03
4.323607433379931153e-04
4.606741171241330278e-03
1.174494644678749644e-01
6.279879745891917822e-04
1.675298758057894646e-02
4.287041879314373166e-03
3.333106570153716863e-02
1.046215416724739512e-04
7.734273149946080568e-03
7.711713787048736328e-04
3.406756133650070979e-03
5.128033604802132144e-04
6.317231846813508829e-04
2.831841879574334897e-04
1.851992796565182092e-02
1.972286432469097864e-02
6.796206996866950567e-02
1.284625146932640363e-02
3.095684842833732082e-03
1.392627089416588948e-03
2.517210465536824301e-02
6.386886134399780701e-01
3.250500749677288220e-02
9.649127598164069022e-03
8.439722945257976472e-04
1.484695699321375399e-03
6.098125339059234928e-03
2.869113206579791860e-03
7.213749145404765471e-04
5.288172444322185002e-04
5.402913811748664454e-03
1.431189538957499806e-04
8.720124408916162320e-03
1.489828785721026769e-02
3.743222768846130684e-04
2.420283519842812009e-02
2.188413621583008492e-02
2.445849035674888981e-04
1.280764773572666147e-04
2.225378974090175353e-03
3.206896676663006929e-02
5.256504036215966374e-03
1.536238733541243212e-02
1.119795063801801768e-03
2.569492185414103602e-04
7.544692341384676365e-04
3.296770387208667447e-04
2.500128807936676878e-04
4.369359274027656212e-03
2.590457112117731109e-01
2.909030889698677527e-03
3.328614292084761464e-03
6.071673433844180373e-02
7.333816684699376786e-04
4.181200398366016839e-05
2.406205726788852861e-01
1.849985714700787959e-02
2.379838363050690644e-02
3.637844141004115822e-02
4.649745983627045289e-05
2.828155949975237528e-03
2.631586549869431666e-03
8.090382607201809795e-03
2.227533853457309976e-01
4.532097900271887190e-05
1.591890996639840419e-03
1.852477098878775943e-02
5.264332150603309377e-03
2.871897683333717496e-05
1.923155982809102290e-03
1.733113303528617598e-04
1.013639419594531375e-02
2.190008613504205569e-03
2.126499593859078330e-02
3.211105221430255591e-02
9.580316246624684395e-02
3.486922674846986148e-01
1.345518895688636515e-03
1.969156323389930074e-01
2.602524337813744582e-03
1.759423407492958840e-03
4.663818882236229406e-04
1.031464081322630029e-04
8.619141391986993861e-02
9.575908123907200418e-05
1.302058128202505417e-02
1.840777730132185652e-02
6.071300779105608114e-03
7.906818426191883353e-02
6.005984653895283382e-02
2.463185711270467334e-04
2.264326598546908750e-02
9.509163124974404687e-05
1.115973346150210610e-05
6.147508400350883183e-04
1.527501017860085275e-03
1.055240001495281153e-03
3.860990440212416666e-04
6.004749805678491481e-02
6.068244864997579622e-04
6.594883455048260457e-01
5.369220722799214213e-04
2.960295059892097732e-03
4.141590925684103378e-04
8.048136575166530294e-04
3.811582116387988105e-04
9.143271343947664831e-02
5.046045768396981547e-04
2.649962889861924662e-03
3.168942997827704500e-01
9.005272187626571110e-04
7.242777599245598611e-04
1.637338590699858459e-02
1.598470153671777139e-02
1.527682503157434162e-03
3.455439790482541657e-05
3.654932894606125891e-04
4.982361403320196939e-03
1.905145829003823937e-04
1.649894484931225223e-03
6.909816929500567275e-04
7.465352802966555628e-04
3.686442885722819585e-04
4.004415081988798122e-04
3.112454466325091673e-04
1.478145099624283152e-04
9.128179827076169858e-03
2.344445368796998705e-02
1.565838309886439053e-04
3.132933801047626532e-01
2.116277616480694707e-02
2.955990286448403111e-03
2.955466228480864779e-03
4.159224397669023031e-04
2.999537344357571661e-02
1.538891733333486514e-03
1.808517983784903305e-03
3.407580593072580310e-04
3.372980190653219745e-01
9.281985704231396697e-03
6.644777786379956960e-03
9.606528661939620333e-04
9.670252442609234843e-06
7.461035102268717342e-03
8.677395158769874708e-04
1.779295343622118789e-04
1.531223726939827086e-03
5.976679612744904363e-05
5.134882627746172740e-02
1.320219765770302717e-03
1.509788731906242520e-01
1.289848518860316554e-02
4.297665181887658226e-02
9.786049148240091866e-04
5.065435794262293165e-03
3.025397526829441408e-01
1.131564904277846230e-03
4.806031241042863292e-03
3.465295844258418079e-01
7.509931200122572231e-03
9.588331219685672173e-05
2.498470153597833615e-02
4.476326490140218432e-03
8.232742708754568414e-03
1.914172674862684234e-02
1.041344122290535287e-02
1.244081543205587516e-04
4.633876745498547757e-04
2.295701040680767774e-02
2.320635467021370801e-01
1.608492439751138883e-02
1.468653643971659520e-03
4.414570583506522219e-03
8.524232632147200331e-04
4.316120012939939380e-04
5.456655668365650858e-02
6.424747947001216986e-01
1.431195969153193476e-04
1.645022522932290242e-04
6.891577874548797606e-04
2.850250095672093430e-03
1.502345072276587909e-03
2.392657641727608572e-04
7.245312577945361987e-03
7.877065920656510511e-02
4.938315248550519398e-01
2.238659513224515452e-04
2.885366908469703950e-02
1.428141024992444217e-04
4.469993007828894881e-03
9.555503541913059479e-03
1.119058743524434935e-02
1.407907064433715216e-02
1.718262313767402738e-01
2.343203958986745403e-04
1.485970971501098838e-03
7.807645724342848932e-03
1.765461487950943376e-01
1.515087341884980697e-04
5.226324334627835931e-03
1.439209581676177388e-05
7.880388355734650394e-04
1.470337319204003670e-03
1.654490372011195500e-03
7.480735435689502997e-04
4.547404804982731891e-02
1.366943559140198572e-05
2.126236943845126806e-02
3.277170341450511459e-04
9.282557934276427364e-03
2.986535937889754698e-04
2.036648734773303590e-02
3.089923362512753471e-02
1.350136507177752687e-01
4.241150239627582922e-04
1.995554984324709458e-01
1.122488748980614848e-01
1.906597692160401647e-01
2.995776107460869104e-03
1.394528058905604440e-01
6.985880258859487532e-04
1.704464495151225001e-01
5.016861708238818350e-03
1.157334811677420902e-03
3.902708460998247502e-06
1.265793583424520800e-03
9.308091835504916228e-03
2.083040037934886981e-03
6.035628048840279564e-02
1.607622406953412506e-02
4.736653414266756706e-03
9.136253780762021220e-04
2.358066332801048853e-02
1.182467483866439170e-02
4.350122210953711460e-02
2.838185673864813963e-02
7.984168441377321665e-03
5.044813058238480780e-02
9.719880740046157137e-04
3.730189909072915218e-04
2.023736757507899552e-04
1.830777310716701772e-02
9.807444300448470154e-02
1.819345802737452542e-02
4.027568061647104208e-02
3.869180638451811399e-02
1.613137157623080172e-04
1.341623727854639962e-03
4.861295401220240044e-03
1.956543621085425344e-01
9.430499978775236380e-03
1.347564767665396790e-01
2.448300900347437706e-03
5.339891405582666666e-03
4.960804049215360167e-03
2.199812527987322561e-02
8.136498138752092102e-03
9.756390519058249708e-03
6.138873649361348273e-02
2.846682961365565399e-04
1.180289906475321879e-02
1.485502529200604001e-03
6.177204343689293492e-05
1.951773724412017043e-04
9.169458271146072297e-04
1.581577319109259876e-04
4.157470355569864266e-03
2.108161831771535044e-02
1.558664692597287651e-03
1.083795411257692382e-02
9.128184339856207970e-04
6.796576170052157605e-03
1.134534788600324558e-03
4.521337612126238165e-02
7.357216942237766082e-04
9.862389184498192574e-01
7.017752828806495370e-04
1.543016575222146798e-04
4.688331805372381966e-04
3.908916222388104586e-03
6.172681590495636694e-01
1.214107183723125982e-03
1.878901560249995883e-02
1.731243893297991499e-02
3.906585112590164194e-02
1.283354832645452505e-02
2.646649807591798520e-02
1.782236682647709430e-02
1.286108007779174223e-02
6.035565522816187592e-03
2.861044478309490518e-04
9.362784233855983920e-03
3.017692769157167068e-02
1.291420729682994650e-02
4.250060489844954045e-04
8.117036817935252731e-04
2.039339193451632573e-03
1.448238189779781897e-05
1.755110354037721278e-03
3.047831835802998837e-02
3.588142966340778992e-03
5.436344421445412278e-04
1.825471515485041149e-02
6.052258464633189505e-02
3.841971704344276234e-02
3.781709387580479281e-02
6.301576523764300625e-05
1.551951492083434615e-02
1.262718529370942611e-03
1.518459885406757068e-02
2.159573713060562554e-03
8.952514628917895151e-03
9.994009971595389785e-02
1.287085351188902273e-03
1.487064910624500682e-03
1.820829610485431892e-03
1.528315047284193873e-01
1.046641694868984194e-04
3.494602925996939365e-04
2.475429893499923178e-02
2.927014678482647153e-04
4.845548535135394963e-01
6.700124147358595128e-02
2.458443193212699052e-02
1.063807142858092707e-03
1.361261401673685744e-03
8.226250524510000592e-03
4.659494834460393281e-02
6.104638184417468560e-05
3.671928087527124955e-03
3.148884905511729199e-03
3.561523909131764695e-03
1.949284335843231176e-03
1.187508821484869158e-02
5.679327597634030445e-02
7.782154446996990271e-02
2.397392580056445510e-02
4.501341204930903173e-02
3.114462686105665958e-05
2.539801604904709607e-04
6.829785949953707386e-03
2.910981770637232485e-02
1.402762539320655298e-03
1.263418371211781112e-02
6.080106937472511347e-04
4.094513941460885091e-04
2.317620120385576344e-03
3.776674681868626843e-02
1.747761326527509044e-03
7.222919491903106309e-03
4.741661605360838160e-03
3.707823217681668112e-03
4.620666673022011032e-05
1.153921713108314179e-01
5.773843286544570698e-04
8.862311165905774682e-03
6.962422872662478966e-03
2.016761103364691360e-02
2.585405371679953476e-02
8.798249630020765766e-02
8.926962437982738710e-03
3.172599799092247464e-04
2.315978127105799284e-02
1.161420563369285237e-02
9.087148979871681595e-04
3.779488221331129243e-05
2.543990383527812427e-02
6.349855680813829527e-03
6.367679582117548830e-03
5.143007756317898938e-04
1.268663197136452893e-04
1.548087257257091953e-01
2.787773260565965081e-04
3.031824168682030007e-05
7.601859731475317690e-05
4.514674815273321713e-03
2.933207794920282899e-02
3.261719280948591811e-03
2.701691302459237054e-01
3.882848069772715932e-02
4.246504292741817670e-03
1.056683895798802208e-03
1.207448588866555546e-02
7.971933264535192853e-03
4.934391463416200330e-02
7.671144643632520077e-03
4.908322814158240510e-03
1.819401981419019321e-01
2.395001905673108111e-02
5.328982956898140435e-05
8.997790082977282465e-04
3.639415077036769011e-04
4.642581076304345120e-04
3.035272870273602805e-02
6.626860926576992021e-06
4.321220253377699755e-04
6.576111047557434489e-03
1.290953852353545102e-02
5.771028804034434856e-01
1.274071643236232934e-04
7.414994636659068402e-04
2.344512006877650669e-04
1.481408741869932148e-05
1.364140459635495781e-02
2.368022263303287342e-02
1.717260034410574997e-04
7.752783800038715034e-01
1.933932688831487207e-04
1.253456256508165417e-04
8.019765277939492482e-03
2.310546671965470200e-02
1.865689247631232596e-03
2.667643562802144916e-02
5.460433480582086579e-02
6.833513438097066697e-03
2.496658179271861477e-04
6.387035815601564909e-04
3.899789382712368817e-04
2.970867698522952280e-02
3.753844891370993505e-04
4.165261855491776341e-03
5.975481842237036559e-03
1.040522778067934639e-01
6.207896265249557982e-02
5.924332413400636675e-03
3.032854905153265293e-02
5.733588823125215089e-03
4.243103772486676861e-03
3.958190895051356159e-04
1.768876949527294529e-04
5.088362305930505458e-04
9.404312269781887890e-02
2.358516715124104463e-02
1.036788042349677877e-02
6.633658855023410322e-03
1.079734740999937354e-03
3.708060552781418384e-02
2.986456482482775700e-03
1.639773899768665359e-03
7.583580502082233133e-04
5.007079827030252116e-05
5.853124357789497162e-03
4.193497358503113883e-05
9.722041399868159260e-04
2.653387070199892013e-03
3.567006967527238184e-03
1.215999046744937508e-02
7.688062226181707759e-04
1.966059039058949090e-04
1.462567479663774532e-03
8.549011143461973661e-03
1.495033727482242003e-01
1.743382328751586852e-03
2.086807269569274439e-03
1.102534812809334715e-04
7.488145975644923446e-04
6.713096194410498110e-05
1.276419313444200924e-03
4.322882646336071583e-03
9.406929271778559365e-03
4.883926006137705167e-02
1.394184722491407236e-01
3.760136793007278302e-04
6.984658054406753117e-04
1.831341903020161990e-02
9.093223739495169197e-03
2.233749543736385929e-03
1.992347343585834207e-04
5.824084906842573028e-04
7.971940101444785574e-04
1.417938939607180137e-03
1.394303312700131145e-03
1.311067356154031749e-02
2.299259309666528139e-01
8.046136812060823706e-02
1.753486773101438009e-02
5.490324504718163516e-03
1.737919651080201827e-02
6.629203132399597873e-06
3.008939773139385557e-02
5.309372422574762940e-01
3.059100457168777987e-01
2.282551032531366861e-02
1.235705026703307183e-04
6.939039260939624219e-04
4.657167326659225962e-03
6.315527540112533507e-04
1.142487445088269247e-04
2.324687030244128663e-02
5.475514237227195255e-04
2.144739813707495588e-03
4.509154997570334958e-03
7.505715575418791001e-04
4.885343844820867233e-03
1.570274982448001942e-04
1.399759376769054223e-02
5.064998873088200938e-03
9.595385929021815752e-04
1.000003376070022348e-01
4.553171099646489695e-01
1.793873403500221772e-02
1.468697943879731680e-03
6.029226528845162483e-03
8.973272557725768745e-05
8.742280672083348192e-02
6.339628770640652134e-04
2.431095490987492114e-02
1.356475519690213405e-01
2.394839281293427435e-01
1.175839239539221062e-03
1.999098160721444195e-01
1.879234206286858281e-03
2.257196374124505515e-04
4.541026930462022625e-03
1.134211902297518968e-04
9.413148828230295806e-02
1.814541197209139969e-05
1.000766522655666271e-04
1.291040545168605652e-04
2.222405716113216574e-04
7.608318551275111263e-04
1.448713382051267790e-02
6.319694977746906708e-03
2.133590516988079222e-02
5.903945138919837292e-03
2.984242475449501164e-01
1.090779139937294098e-02
1.480797053033225440e-04
2.369471245316473842e-04
4.883240956602026561e-02
7.601573675264869932e-05
4.338728789094139886e-03
5.787850593554576782e-04
2.910540465847533164e-04
2.789827520828938243e-02
2.485460988844142086e-04
3.584693607233408602e-02
4.948653168499056454e-02
4.010971517806998995e-03
5.190035235878789769e-04
2.032414302700478667e-02
3.747753359345618734e-02
4.801420785632590053e-03
2.906356739372975562e-02
6.180424791165252570e-03
4.851147868696558361e-04
1.396533980777748228e-03
3.253550947958964924e-04
1.136505049223327825e-02
1.385674347293087647e-05
3.875397870426955816e-03
9.036340424885238502e-05
7.866494860446347119e-04
3.967804321297114800e-01
1.248983032006867333e-02
2.623199697626366067e-03
1.716384787545822282e-04
1.415903144782756353e-03
8.631625205113440530e-03
1.138292314116343129e-03
3.410686177133378724e-03
9.365467234829439463e-03
1.396359991883088750e-04
1.363679617590177369e-02
2.878968974902449893e-02
9.553566835084964515e-01
5.241474885498450531e-01
8.903483247076602325e-01
8.353002725527075567e-01
8.670707319320296591e-01
6.052298935686519638e-02
3.099448603946125536e-01
3.483363060838895464e-01
9.565343056962883894e-01
3.885931995336792955e-02
6.553724278801658087e-01
5.978130187100045845e-01
4.465584638677458362e-02
9.651142572414467269e-01
8.467511192386786290e-01
2.745848156171933063e-02
8.246597465140880212e-01
6.705831711479179891e-01
7.586874952868046806e-01
6.246350040782050472e-01
3.262250214587119057e-01
9.872531305929567180e-01
8.927637756714646988e-01
9.096136252698519553e-02
7.861906395595410491e-01
6.603972637467033779e-01
4.868623530626891016e-01
6.446891226783485473e-01
8.842676083867527792e-01
4.171338038984971353e-01
2.085086382588184351e-01
7.987355205603594577e-01
1.195570738726875470e-01
9.250429393951323798e-01
9.924941109767779768e-01
1.562291534066905796e-01
9.306346229642070700e-01
1.382853083042644149e-01
7.604537179654141665e-01
2.423467110209009678e-01
5.525541291712658953e-01
4.223781918394152457e-02
3.271112237181936222e-01
7.969189528621239971e-01
9.103455303225262141e-02
5.517229859439209960e-01
6.494145940372244574e-01
6.118664583513135913e-01
9.673880583104103037e-01
9.771904973088411106e-01
7.636923039070230290e-01
3.476054214311352641e-01
1.848012397925301309e-01
9.219075338293433175e-01
4.190129373795321022e-01
7.598626968238783030e-01
2.453050664595662067e-01
2.005535276441739456e-01
9.871582798485263321e-01
5.075717298935582544e-01
8.761070806151319834e-01
8.511029075402575250e-01
9.557804247784305041e-01
1.379345299387534918e-01
2.683616434835014442e-01
2.243015273134023879e-01
3.053846700846580761e-02
1.951105030464548029e-01
5.833628349256140266e-01
3.605765690316745653e-01
1.255236536059688712e-01
3.471886437358197575e-01
6.514710638272838139e-01
1.205921552904438143e-01
1.338294485932412237e-01
9.620798659169628175e-01
4.976247512788334326e-01
9.217718994404218158e-01
6.009599822030911032e-01
9.935318096837606472e-01
2.788886247365663928e-01
7.774067929762842333e-01
6.747608828155567950e-01
7.521273468252639427e-01
3.907129183002827633e-01
5.631961063029584658e-01
1.204458834324161065e-01
5.438867423399088574e-01
3.249662095732468864e-02
5.582294808948976561e-01
2.916186562160232310e-01
4.784627815809153889e-02
9.084801203769157230e-01
2.792693631879210603e-01
3.322850727728924869e-01
6.144286486788755886e-01
4.315686604228172185e-01
5.333394843659388096e-01
9.292983100393816809e-01
6.645497007920410093e-01
