8.395905142632924256e-02
4.127474977508558407e-01
2.118094104640170505e-01
6.138587879452045426e-02
4.316272162210996188e-01
1.892561851062971034e-01
9.996471730240990006e-01
1.700224202220771419e-01
4.510928148417224504e-02
3.194437691068791052e-01
8.113774406354233859e-01
6.280052973983923925e-02
2.777037133956793968e-01
1.717340822057853988e-01
9.388549732031681305e-01
6.148189734992884348e-02
2.134253049316390816e-01
3.052310206851409080e-01
7.764684253713056705e-01
1.797198617092765072e-01
2.535053608194627328e-01
4.592825783731277478e-02
1.907898460424484466e-01
3.624216270159810738e-01
1.158860843550293535e-01
3.031924934784669401e-01
4.170681467237957185e-01
3.637059713704207664e-02
3.273328428123715994e-02
1.249457505476211372e-01
4.877989008729963216e-02
8.181546626536731481e-02
4.169695829318599556e-02
2.281170657086805109e-01
7.361964332986042914e-01
3.598742111507901020e-01
7.438386523982222498e-02
4.661250944288294895e-01
1.009596822899878760e-01
4.905078929106658492e-02
2.394332082078716728e-01
4.266533413964718191e-01
7.963051705231287414e-02
9.596472267216583918e-02
9.144104634872832760e-01
4.383916139415659774e-02
1.643796562537356565e-01
8.681197575202824479e-02
7.182850097019058411e-02
2.407152513242510061e-01
9.997969348034316805e-01
1.932322135236122229e-01
9.996727589199582154e-01
3.894795521572651520e-01
8.518373732045072533e-01
8.968113748380739381e-01
7.202721416656899800e-01
6.053466696780066547e-01
6.427848509686940881e-01
9.497304660707136525e-01
8.275765228108992178e-01
8.430963508294669895e-01
1.820338915541481195e-01
8.807313420544233828e-01
9.644594097457771520e-01
6.514059246508423495e-01
8.289144615350906298e-01
9.986069504539742958e-01
3.793487226313732030e-01
9.482520791773215718e-01
9.774244086097936268e-01
3.118115951126381735e-01
6.300748685452954856e-01
4.262022474224841928e-01
8.020873870112295023e-01
9.912836017866897276e-01
7.102157301061514660e-01
4.702087207734533814e-01
9.820117305323934342e-01
2.498708403672280087e-01
1.602604830745717468e-01
9.998601128207125210e-01
9.681688044709710894e-01
9.343402462471659398e-01
5.085322634486372229e-01
8.780018336013214464e-01
8.046773702617190382e-01
6.498029884760186947e-01
7.525089868982310914e-01
9.999454554726517896e-01
2.342785725854250600e-01
7.147137626919058961e-01
6.953308880671176251e-01
8.041847088787812403e-01
8.354013748988723398e-01
5.220584791672654434e-01
5.029738557814041888e-01
7.232956640366019485e-01
9.979439320225363952e-01
4.142511836155011173e-01
