1.849953337963193833e-01
1.220791153064165746e-01
1.207852834967048095e-01
1.228427194437149012e-01
9.455383373759802534e-01
9.166822349592030905e-01
3.093723093842066230e-01
9.361829914020956475e-03
2.275558602520605100e-01
1.893130713175709134e-01
1.697399271602883508e-01
1.204080283785075589e-01
8.265533099532219596e-01
9.178534931411520825e-02
8.516397137795389538e-01
3.987170063430505590e-02
2.916344816415554209e-01
1.510439877980485068e-01
2.708835857533165026e-01
6.273139763444492145e-02
1.450786927083112521e-01
2.209632019640480616e-01
1.217282309852343591e-01
4.457694353603383619e-02
2.213137546093184027e-01
2.223133600074232441e-01
3.785960663552683791e-01
9.805251710504982177e-02
9.844233682964732834e-02
1.150523487669959932e-01
4.122508264018687751e-01
5.835676369521145546e-01
7.013397235469334690e-02
1.849199339525257613e-01
7.390333519816992547e-02
2.900645567048354967e-01
3.640263853185422005e-01
2.808386177503573444e-01
1.038725373185876155e-01
1.818640948021819567e-02
2.285281406293772910e-01
6.809466479580217335e-02
2.028854515275635428e-01
3.156093254718486674e-01
8.909837287042988996e-02
2.237065374953620955e-01
2.562076747457948112e-01
3.695713821039751934e-02
1.410424749423896118e-01
1.568386884847445539e-01
9.317855755325076261e-01
7.358836243389836884e-01
7.833305536421950599e-01
8.592675208406638232e-01
5.865927228934776361e-01
8.451064952172459011e-01
9.096532645879565893e-01
6.675485729388082046e-01
6.507423247140727840e-01
9.565950933272547863e-01
8.962023761185584636e-01
4.227020740207215188e-01
9.773337772523214007e-01
6.752938634585576860e-01
5.098909783257872252e-01
9.794628855105931287e-01
9.524517947107902227e-01
8.125922125115725425e-01
9.021820086755800716e-01
4.216910684263187603e-01
6.252297764873450125e-01
4.783866352161887381e-01
3.509581962519788823e-01
9.847919195976815310e-01
2.575119945501319618e-01
8.466291335983925359e-01
8.244665108900809392e-01
7.249136108070146634e-01
8.390147432197274380e-02
7.632555600825320363e-01
7.534911264891065441e-01
8.903322709138824509e-01
8.931204499595780666e-01
9.624907499097895558e-01
7.666126826327037680e-01
9.547908339562359847e-01
9.955925620700197820e-01
4.095736104273897671e-01
9.809345620424821943e-01
8.975747114456651410e-01
7.353312156993746518e-01
4.907089544429927286e-01
5.643886822644923473e-01
8.609824539022298273e-01
2.190553037710979145e-01
9.477372885409665049e-01
8.910611597488977687e-01
6.731991938597479130e-01
8.274172566817079577e-01
9.788009697102010298e-01
